S nodes capex p0p5 a0p5 t0p5 p1 a1 t1 p3 a3 t3 p10 a10 t10 p30 a30 t30
15 51.321529 251975.37 0.027206891 0.017023604 6.1343645 0.095904535 0.012159593 5.1844577 0.72596742 0.0011946877 1.625066 1 0 0 1 0 0
16.554622 42.135056 206872.17 0.0223369 0.021428099 6.8823323 0.078737774 0.015921242 5.9324255 0.59602039 0.0025475354 2.3730338 1 0 0 1 0 0
18.109244 35.211253 172878.1 0.01866641 0.026338776 7.6303 0.065799264 0.020189075 6.6803933 0.4980799 0.0044065667 3.1210016 1 0 0 1 0 0
19.663866 29.863748 146623.24 0.015831558 0.031755638 8.3782678 0.055806382 0.024963092 7.4283611 0.42243691 0.0067717818 3.8689694 1 0 0 1 0 0
21.218487 25.647986 125924.94 0.013596671 0.037678683 9.1262356 0.047928388 0.030243292 8.1763289 0.36280295 0.0096431805 4.6169372 1 0 0 1 0 0
22.773109 22.265756 109319.07 0.011803662 0.044107912 9.8742034 0.041608015 0.036029676 8.9242967 0.3149597 0.013020763 5.364905 1 0 0 1 0 0
24.327731 19.510972 95793.797 0.010343279 0.051043325 10.622171 0.03646015 0.042322244 9.6722645 0.27599196 0.016904529 6.1128728 1 0 0 1 0 0
25.882353 17.237513 84631.705 0.0091380583 0.058484921 11.370139 0.032211737 0.049120996 10.420232 0.24383281 0.021294479 6.8608405 1 0 0 1 0 0
27.436975 15.339445 75312.689 0.008131843 0.066432701 12.118107 0.02866482 0.056425931 11.1682 0.21698374 0.026190612 7.6088083 1 0 0 1 0 0
28.991597 13.738453 67452.234 0.007283115 0.074886665 12.866075 0.025673046 0.06423705 11.916168 0.19433695 0.03159293 8.3567761 1 0 0 1 0 0
30.546218 12.375627 60761.109 0.0065606448 0.083846813 13.614042 0.023126332 0.072554352 12.664136 0.17505912 0.03750143 9.1047439 1 0 0 1 0 0
32.10084 11.205966 55018.38 0.005940577 0.093313144 14.36201 0.020940587 0.081377838 13.412103 0.15851371 0.043916115 9.8527117 1 0 0 1 0 0
33.655462 10.194619 50052.928 0.0054044352 0.10328566 15.109978 0.019050683 0.090707508 14.160071 0.14420773 0.050836983 10.600679 1 0 0 1 0 0
35.210084 9.314252 45730.556 0.0049377297 0.11376436 15.857946 0.017405541 0.10054336 14.908039 0.13175452 0.058264035 11.348647 1 0 0 1 0 0
36.764706 8.5431871 41944.827 0.0045289679 0.12474924 16.605913 0.015964652 0.1108854 15.656007 0.12084744 0.066197271 12.096615 1 0.00011323358 0.50030107 1 0 0
38.319328 7.8640514 38610.448 0.0041689403 0.13624031 17.353881 0.014695552 0.12173362 16.403975 0.11124074 0.07463669 12.844583 1 0.00070490182 1.2482689 1 0 0
39.87395 7.2627918 35658.42 0.0038501968 0.14823755 18.101849 0.013571978 0.13308802 17.151942 0.10273564 0.083582293 13.592551 0.97067319 0.0018027538 1.9962366 1 0 0
41.428571 6.7279413 33032.442 0.0035666584 0.16074099 18.849817 0.012572503 0.14494861 17.89991 0.095169926 0.09303408 14.340518 0.89919033 0.0034067894 2.7442044 1 0 0
42.983193 6.2500682 30686.21 0.0033133253 0.1737506 19.597785 0.011679502 0.15731539 18.647878 0.088410184 0.10299205 15.088486 0.83532252 0.0055170087 3.4921722 1 0 0
44.537815 5.8213578 28581.353 0.0030860547 0.18726641 20.345752 0.01087837 0.17018834 19.395846 0.082345871 0.1134562 15.836454 0.77802532 0.0081334117 4.24014 1 0 0
46.092437 5.4352906 26685.864 0.0028813903 0.20128839 21.09372 0.010156927 0.18356748 20.143813 0.076884768 0.12442654 16.584422 0.72642738 0.011255998 4.9881078 1 0 0
47.647059 5.086393 24972.867 0.0026964306 0.21581656 21.841688 0.0095049419 0.1974528 20.891781 0.071949446 0.13590306 17.33239 0.67979717 0.014884769 5.7360756 1 0 0
49.201681 4.7700423 23419.668 0.0025287248 0.23085091 22.589656 0.0089137774 0.21184431 21.639749 0.067474515 0.14788577 18.080357 0.63751685 0.019019723 6.4840434 1 0 0
50.756303 4.4823127 22006.99 0.0023761917 0.24639145 23.337624 0.0083760972 0.226742 22.387717 0.063404443 0.16037466 18.828325 0.59906175 0.023660861 7.2320111 1 0 0
52.310924 4.219853 20718.381 0.0022370549 0.26243816 24.085591 0.0078856386 0.24214587 23.135685 0.059691825 0.17336973 19.576293 0.56398396 0.028808182 7.9799789 1 0 0
53.865546 3.9797883 19539.726 0.0021097903 0.27899107 24.833559 0.0074370298 0.25805593 23.883652 0.056295996 0.18687099 20.324261 0.53189929 0.034461687 8.7279467 1 0 0
55.420168 3.7596415 18458.862 0.0019930847 0.29605015 25.581527 0.0070256415 0.27447217 24.63162 0.053181915 0.20087843 21.072228 0.50247663 0.040621376 9.4759145 1 0 0
56.97479 3.5572685 17465.263 0.0018858015 0.31361542 26.329495 0.0066474671 0.2913946 25.379588 0.050319253 0.21539205 21.820196 0.47542945 0.047287249 10.223882 1 0 0
58.529412 3.3708062 16549.782 0.0017869529 0.33168688 27.077462 0.0062990251 0.30882321 26.127556 0.047681656 0.23041186 22.568164 0.45050875 0.054459305 10.97185 1 0 0
60.084034 3.1986296 15704.44 0.0016956776 0.35026451 27.82543 0.0059772786 0.326758 26.875524 0.045246135 0.24593785 23.316132 0.42749731 0.062137545 11.719818 1 0 0
61.638655 3.0393156 14922.249 0.001611221 0.36934834 28.573398 0.0056795686 0.34519898 27.623491 0.042992563 0.26197002 24.0641 0.40620497 0.070321968 12.467786 1 0 0
63.193277 2.8916142 14197.074 0.0015329207 0.38893834 29.321366 0.0054035591 0.36414614 28.371459 0.040903257 0.27850838 24.812067 0.38646466 0.079012576 13.215753 1 0 0
64.747899 2.7544237 13523.504 0.0014601924 0.40903453 30.069334 0.0051471912 0.38359948 29.119427 0.038962632 0.29555292 25.560035 0.36812913 0.088209367 13.963721 1 0 0
66.302521 2.6267699 12896.757 0.0013925197 0.4296369 30.817301 0.0049086445 0.40355901 29.867395 0.037156908 0.31310365 26.308003 0.35106817 0.097912341 14.711689 1 0 0
67.857143 2.5077889 12312.591 0.0013294448 0.45074546 31.565269 0.0046863047 0.42402472 30.615362 0.035473865 0.33116056 27.055971 0.33516635 0.1081215 15.459657 1 0 0
69.411765 2.3967125 11767.235 0.0012705602 0.4723602 32.313237 0.0044787363 0.44499661 31.36333 0.033902637 0.34972365 27.803939 0.32032097 0.11883684 16.207625 1 0 0
70.966387 2.2928557 11257.325 0.001215503 0.49448112 33.061205 0.0042846591 0.46647469 32.111298 0.032433533 0.36879293 28.551906 0.3064405 0.13005837 16.955592 1 0 0
72.521008 2.1956062 10779.855 0.0011639485 0.51710823 33.809173 0.0041029289 0.48845895 32.859266 0.031057892 0.38836839 29.299874 0.29344308 0.14178608 17.70356 1 0 0
74.07563 2.104415 10332.131 0.0011156057 0.54024152 34.55714 0.0039325201 0.5109494 33.607234 0.029767951 0.40845003 30.047842 0.28125538 0.15401997 18.451528 1 0 0
75.630252 2.0187894 9911.731 0.0010702133 0.56388099 35.305108 0.0037725114 0.53394603 34.355201 0.028556735 0.42903786 30.79581 0.2698115 0.16676005 19.199496 1 0 0
77.184874 1.9382853 9516.477 0.001027536 0.58802665 36.053076 0.0036220735 0.55744884 35.103169 0.027417967 0.45013187 31.543777 0.25905212 0.18000631 19.947463 1 0 0
78.739496 1.8625024 9144.4027 0.00098736147 0.61267849 36.801044 0.003480458 0.58145784 35.851137 0.026345982 0.47173207 32.291745 0.24892372 0.19375875 20.695431 1 0 0
80.294118 1.7910786 8793.7303 0.00094949783 0.63783652 37.549011 0.0033469884 0.60597302 36.599105 0.025335658 0.49383845 33.039713 0.23937792 0.20801738 21.443399 1 0 0
81.848739 1.7236859 8462.8494 0.00091377116 0.66350073 38.296979 0.0032210515 0.63099439 37.347073 0.024382355 0.51645101 33.787681 0.23037087 0.22278219 22.191367 1 0 0
83.403361 1.6600264 8150.2981 0.00088002362 0.68967112 39.044947 0.0031020911 0.65652193 38.09504 0.023481862 0.53956976 34.535649 0.22186277 0.23805319 22.939335 1 0 0
84.957983 1.5998296 7854.7472 0.00084811169 0.7163477 39.792915 0.0029896013 0.68255566 38.843008 0.022630349 0.56319469 35.283616 0.21381746 0.25383037 23.687302 1 0 0
86.512605 1.5428487 7574.9858 0.00081790461 0.74353046 40.540883 0.0028831211 0.70909558 39.590976 0.021824327 0.5873258 36.031584 0.20620195 0.27011373 24.43527 1 0 0
88.067227 1.4888586 7309.9088 0.00078928308 0.7712194 41.28885 0.0027822299 0.73614168 40.338944 0.021060613 0.6119631 36.779552 0.19898617 0.28690327 25.183238 1 0 0
89.621849 1.4376538 7058.5063 0.00076213804 0.79941453 42.036818 0.0026865434 0.76369396 41.086911 0.020336296 0.63710658 37.52752 0.19214264 0.304199 25.931206 1 0 0
91.176471 1.3890458 6819.8535 0.00073636965 0.82811584 42.784786 0.0025957096 0.79175243 41.834879 0.019648712 0.66275624 38.275488 0.18564617 0.32200092 26.679174 1 0 0
92.731092 1.3428619 6593.1028 0.00071188638 0.85732334 43.532754 0.0025094059 0.82031708 42.582847 0.01899542 0.68891209 39.023455 0.17947369 0.34030902 27.427141 1 0 0
94.285714 1.2989437 6377.4757 0.00068860416 0.88703701 44.280722 0.0024273358 0.84938791 43.330815 0.018374175 0.71557412 39.771423 0.17360401 0.3591233 28.175109 1 0 0
95.840336 1.2571452 6172.2562 0.00066644571 0.91725688 45.028689 0.0023492271 0.87896493 44.078783 0.017782917 0.74274234 40.519391 0.16801764 0.37844376 28.923077 1 0 0
97.394958 1.2173323 5976.7853 0.00064533985 0.94798292 45.776657 0.0022748288 0.90904813 44.82675 0.017219744 0.77041674 41.267359 0.16269664 0.39827041 29.671045 1 0 0
98.94958 1.1793812 5790.455 0.00062522096 0.97921515 46.524625 0.0022039095 0.93963752 45.574718 0.016682907 0.79859732 42.015326 0.15762447 0.41860324 30.419012 1 0 0
100.5042 1.1431775 5612.7043 0.00060602843 1.0109536 47.272593 0.0021362556 0.97073308 46.322686 0.016170789 0.82728409 42.763294 0.15278584 0.43944226 31.16698 1 7.061974e-07 0.039509986
102.05882 1.1086156 5443.0144 0.00058770627 1.0431982 48.02056 0.0020716698 1.0023348 47.070654 0.015681895 0.85647704 43.511262 0.14816664 0.46078746 31.914948 1 0.00028053624 0.78747777
103.61345 1.0755977 5280.9052 0.00057020262 1.0759489 48.768528 0.0020099693 1.0344428 47.818622 0.015214841 0.88617617 44.25923 0.14375379 0.48263884 32.662916 1 0.00106655 1.5354456
105.16807 1.0440332 5125.9317 0.00055346945 1.1092059 49.516496 0.0019509848 1.0670569 48.566589 0.014768346 0.91638149 45.007198 0.13953519 0.50499641 33.410884 1 0.0023587474 2.2834133
106.72269 1.0138381 4977.6813 0.00053746219 1.1429691 50.264464 0.001894559 1.1001772 49.314557 0.014341221 0.94709299 45.755165 0.1354996 0.52786016 34.158851 1 0.0041571285 3.0313811
108.27731 0.98493413 4835.7705 0.00052213946 1.1772384 51.012432 0.0018405463 1.1338037 50.062525 0.013932361 0.97831068 46.503133 0.13163659 0.55123009 34.906819 1 0.0064616933 3.7793489
109.83193 0.95724886 4699.843 0.00050746277 1.2120139 51.760399 0.0017888108 1.1679364 50.810493 0.01354074 1.0100345 47.251101 0.12793645 0.57510621 35.654787 1 0.0092724418 4.5273167
111.38655 0.93071469 4569.5671 0.00049339631 1.2472956 52.508367 0.0017392264 1.2025752 51.55846 0.013165401 1.0422646 47.999069 0.12439015 0.59948851 36.402755 0.98288708 0.012589374 5.2752845
112.94118 0.90526868 4444.6338 0.00047990671 1.2830835 53.256335 0.0016916754 1.2377202 52.306428 0.012805456 1.0750008 48.747037 0.12098929 0.624377 37.150723 0.95601466 0.01641249 6.0232523
114.4958 0.88085213 4324.7549 0.00046696286 1.3193776 54.004303 0.0016460483 1.2733715 53.054396 0.012460072 1.1082433 49.495004 0.11772602 0.64977167 37.89869 0.93022941 0.020741789 6.7712201
116.05042 0.85741026 4209.6614 0.0004545357 1.3561778 54.752271 0.0016022424 1.3095289 53.802364 0.012128475 1.1419919 50.242972 0.11459301 0.67567252 38.646658 0.90547347 0.025577273 7.5191878
117.60504 0.83489186 4099.1019 0.00044259811 1.3934842 55.500238 0.0015601623 1.3461925 54.550332 0.011809942 1.1762466 50.99094 0.11158342 0.70207956 39.394626 0.88169278 0.03091894 8.2671556
119.15966 0.81324906 3992.8414 0.00043112469 1.4312969 56.248206 0.0015197184 1.3833622 55.298299 0.011503794 1.2110076 51.738908 0.10869086 0.72899278 40.142594 0.85883676 0.03676679 9.0151234
120.71429 0.79243705 3890.6599 0.0004200917 1.4696157 56.996174 0.001480827 1.4210382 56.046267 0.011209398 1.2462748 52.486875 0.10590933 0.75641218 40.890561 0.83685811 0.043120825 9.7630912
122.26891 0.77241384 3792.3511 0.00040947687 1.5084406 57.744142 0.0014434096 1.4592203 56.794235 0.010926161 1.2820481 53.234843 0.10323322 0.78433777 41.638529 0.81571247 0.049981043 10.511059
123.82353 0.75314006 3697.7219 0.00039925933 1.5477718 58.492109 0.0014073927 1.4979087 57.542203 0.010653524 1.3183276 53.982811 0.10065728 0.81276954 42.386497 0.79535828 0.057347444 11.259027
125.37815 0.73457879 3606.5909 0.00038941952 1.5876092 59.240077 0.0013727073 1.5371032 58.290171 0.010390966 1.3551133 54.730779 0.098176562 0.84170749 43.134465 0.77575653 0.06522003 12.006995
126.93277 0.71669532 3518.7877 0.00037993902 1.6279527 59.988045 0.0013392885 1.5768039 59.038138 0.010137996 1.3924052 55.478747 0.095786435 0.87115163 43.882433 0.75687059 0.073598799 12.754962
128.48739 0.69945706 3434.1523 0.00037080057 1.6688024 60.736013 0.0013070753 1.6170107 59.786106 0.0098941525 1.4302033 56.226714 0.093482538 0.90110195 44.6304 0.73866601 0.082483752 13.50293
130.04202 0.68283334 3352.5341 0.00036198789 1.7101583 61.483981 0.0012760106 1.6577238 60.534074 0.009659002 1.4685076 56.974682 0.091260775 0.93155846 45.378368 0.72111042 0.091874888 14.250898
131.59664 0.66679528 3273.7914 0.00035348569 1.7520204 62.231948 0.0012460402 1.698943 61.282042 0.009432136 1.507318 57.72265 0.089117286 0.96252115 46.126336 0.70417333 0.10177221 14.998866
133.15126 0.6513157 3197.7907 0.00034527956 1.7943887 62.979916 0.0012171135 1.7406685 62.030009 0.0092131699 1.5466346 58.470618 0.087048438 0.99399002 46.874304 0.68782602 0.11217571 15.746833
134.70588 0.63636896 3124.4061 0.0003373559 1.8372631 63.727884 0.0011891826 1.7829001 62.777977 0.0090017412 1.5864574 59.218586 0.085050804 1.0259651 47.622272 0.67204142 0.1230854 16.494801
136.2605 0.62193089 3053.5189 0.0003297019 1.8806438 64.475852 0.0011622022 1.8256379 63.525945 0.0087975079 1.6267864 59.966553 0.083121154 1.0584463 48.370239 0.65679401 0.13450127 17.242769
137.81513 0.60797866 2985.0171 0.00032230546 1.9245306 65.22382 0.0011361296 1.8688818 64.273913 0.008600147 1.6676216 60.714521 0.081256436 1.0914337 49.118207 0.64205967 0.14642333 17.990737
139.36975 0.59449072 2918.7949 0.00031515515 1.9689236 65.971787 0.0011109247 1.912632 65.021881 0.0084093537 1.708963 61.462489 0.079453771 1.1249274 49.866175 0.62781565 0.15885156 18.738705
140.92437 0.58144669 2854.7521 0.00030824017 2.0138228 66.719755 0.0010865494 1.9568883 65.769848 0.0082248397 1.7508105 62.210457 0.077710435 1.1589271 50.614143 0.61404042 0.17178599 19.486672
142.47899 0.56882731 2792.7942 0.0003015503 2.0592282 67.467723 0.0010629675 2.0016509 66.517816 0.0080463326 1.7931642 62.958424 0.076023854 1.1934331 51.36211 0.60071365 0.18522659 20.23464
144.03361 0.55661435 2732.8317 0.00029507589 2.1051397 68.215691 0.0010401451 2.0469196 67.265784 0.0078735744 1.8360241 63.706392 0.074391589 1.2284453 52.110078 0.58781607 0.19917338 20.982608
145.58824 0.54479052 2674.7798 0.00028880777 2.1515575 68.963658 0.00101805 2.0926945 68.013752 0.0077063208 1.8793902 64.45436 0.072811333 1.2639636 52.858046 0.57532945 0.21362636 21.730576
147.14286 0.53333949 2618.5582 0.00028273727 2.1984814 69.711626 0.00099665142 2.1389756 68.76172 0.0075443404 1.9232625 65.202328 0.0712809 1.2999881 53.606014 0.56323651 0.22858551 22.478544
148.69748 0.52224573 2564.0907 0.00027685618 2.2459115 70.459594 0.00097592052 2.1857628 69.509687 0.007387414 1.967641 65.950296 0.069798218 1.3365189 54.353982 0.55152087 0.24405085 23.226511
150.2521 0.51149454 2511.3052 0.00027115669 2.2938478 71.207562 0.00095582977 2.2330563 70.257655 0.0072353333 2.0125256 66.698263 0.06836132 1.3735558 55.101949 0.54016701 0.26002238 23.974479
151.80672 0.50107196 2460.133 0.00026563141 2.3422903 71.95553 0.0009363531 2.2808559 71.005623 0.0070879009 2.0579164 67.446231 0.06696834 1.4110988 55.849917 0.52916018 0.27650009 24.722447
153.36134 0.49096473 2410.5092 0.0002602733 2.3912389 72.703497 0.00091746572 2.3291617 71.753591 0.0069449293 2.1038135 68.194199 0.065617508 1.4491481 56.597885 0.51848638 0.29348398 25.470415
154.91597 0.48116026 2362.3718 0.00025507569 2.4406938 73.451465 0.0008991441 2.3779737 72.501558 0.0068062404 2.1502167 68.942167 0.064307138 1.4877035 57.345853 0.5081323 0.31097405 26.218382
156.47059 0.47164657 2315.662 0.00025003224 2.4906548 74.199433 0.00088136587 2.4272919 73.249526 0.0066716648 2.197126 69.690135 0.063035632 1.5267652 58.093821 0.49808531 0.32897031 26.96635
158.02521 0.46241228 2270.324 0.0002451369 2.541122 74.947401 0.00086410976 2.4771163 73.997494 0.0065410413 2.2445416 70.438102 0.061801468 1.566333 58.841788 0.48833338 0.34747276 27.714318
159.57983 0.45344655 2226.3047 0.00024038393 2.5920954 75.695369 0.0008473555 2.5274468 74.745462 0.0064142169 2.2924633 71.18607 0.060603197 1.606407 59.589756 0.47886507 0.36648138 28.462286
161.13445 0.44473907 2183.5532 0.00023576787 2.643575 76.443336 0.00083108384 2.5782835 75.49343 0.0062910455 2.3408913 71.934038 0.059439442 1.6469872 60.337724 0.46966948 0.38599619 29.210254
162.68908 0.43628002 2142.0215 0.0002312835 2.6955607 77.191304 0.00081527641 2.6296265 76.241397 0.0061713882 2.3898254 72.682006 0.058308888 1.6880735 61.085692 0.46073625 0.40601719 29.958221
164.2437 0.42806003 2101.6635 0.00022692587 2.7480527 77.939272 0.00079991572 2.6814756 76.989365 0.0060551125 2.4392657 73.429973 0.057210286 1.7296661 61.833659 0.45205548 0.42654436 30.706189
165.79832 0.42007019 2062.4354 0.00022269024 2.8010508 78.68724 0.0007849851 2.7338308 77.737333 0.0059420924 2.4892122 74.177941 0.056142442 1.7717648 62.581627 0.44361775 0.44757773 31.454157
167.35294 0.41230197 2024.2955 0.00021857211 2.8545551 79.435207 0.00077046863 2.7866923 78.485301 0.0058322072 2.5396648 74.925909 0.055104218 1.8143697 63.329595 0.43541408 0.46911727 32.202125
168.90756 0.40474726 1987.2038 0.00021456716 2.9085656 80.183175 0.00075635114 2.84006 79.233269 0.0057253423 2.5906237 75.673877 0.05409453 1.8574808 64.077563 0.42743588 0.491163 32.950093
170.46218 0.3973983 1951.1223 0.00021067128 2.9630823 80.931143 0.00074261815 2.8939338 79.981236 0.0056213878 2.6420887 76.421845 0.053112341 1.9010981 64.825531 0.41967497 0.51371491 33.69806
172.01681 0.39024769 1916.0147 0.00020688056 3.0181052 81.679111 0.00072925581 2.9483138 80.729204 0.005520239 2.6940599 77.169812 0.052156661 1.9452216 65.573498 0.41212352 0.53677301 34.446028
173.57143 0.38328836 1881.8462 0.00020319123 3.0736342 82.427079 0.00071625091 3.0032 81.477172 0.005421796 2.7465373 77.91778 0.051226545 1.9898512 66.321466 0.40477408 0.56033729 35.193996
175.12605 0.37651354 1848.5836 0.00019959972 3.1296694 83.175046 0.0007035908 3.0585924 82.22514 0.0053259629 2.7995209 78.665748 0.05032109 2.034987 67.069434 0.39761949 0.58440775 35.941964
176.68067 0.36991677 1816.1952 0.0001961026 3.1862108 83.923014 0.00069126342 3.114491 82.973107 0.0052326485 2.8530107 79.413716 0.04943943 2.0806291 67.817402 0.39065292 0.6089844 36.689931
178.23529 0.36349186 1784.6505 0.00019269659 3.2432584 84.670982 0.00067925719 3.1708957 83.721075 0.0051417651 2.9070066 80.161684 0.048580741 2.1267773 68.56537 0.38386786 0.63406723 37.437899
179.78992 0.3572329 1753.9207 0.00018937855 3.3008122 85.41895 0.00066756107 3.2278067 84.469043 0.0050532291 2.9615088 80.909651 0.047744229 2.1734316 69.313337 0.37725804 0.65965624 38.185867
181.34454 0.35113422 1723.9777 0.00018614547 3.3588722 86.166918 0.00065616446 3.2852238 85.217011 0.0049669603 3.0165171 81.657619 0.046929139 2.2205922 70.061305 0.37081749 0.68575144 38.933835
182.89916 0.34519038 1694.795 0.00018299449 3.4174383 86.914885 0.00064505722 3.3431471 85.964979 0.004882882 3.0720316 82.405587 0.046134745 2.268259 70.809273 0.36454047 0.71235282 39.681803
184.45378 0.3393962 1666.3471 0.00017992284 3.4765107 87.662853 0.00063422964 3.4015766 86.712946 0.0048009206 3.1280523 83.153555 0.045360352 2.3164319 71.557241 0.35842149 0.73946039 40.42977
186.0084 0.3337467 1638.6095 0.00017692789 3.5360892 88.410821 0.00062367241 3.4605122 87.460914 0.0047210056 3.1845792 83.901522 0.044605295 2.365111 72.305208 0.35245529 0.76707414 41.177738
187.56303 0.32823709 1611.5588 0.0001740071 3.5961739 89.158789 0.0006133766 3.5199541 88.208882 0.0046430695 3.2416122 84.64949 0.043868935 2.4142963 73.053176 0.34663683 0.79519407 41.925706
189.11765 0.32286279 1585.1724 0.00017115805 3.6567648 89.906756 0.00060333365 3.5799021 88.95685 0.0045670476 3.2991514 85.397458 0.043150659 2.4639878 73.801144 0.34096127 0.82382019 42.673674
190.67227 0.31761941 1559.4287 0.0001683784 3.7178618 90.654724 0.00059353535 3.6403564 89.704818 0.0044928775 3.3571969 86.145426 0.042449881 2.5141855 74.549112 0.33542397 0.85295249 43.421642
192.22689 0.31250274 1534.3072 0.00016566591 3.7794651 91.402692 0.00058397382 3.7013168 90.452785 0.0044204997 3.4157485 86.893394 0.041766036 2.5648893 75.29708 0.33002047 0.88259097 44.169609
193.78151 0.30750871 1509.7878 0.00016301845 3.8415745 92.15066 0.00057464149 3.7627834 91.200753 0.0043498568 3.4748063 87.641361 0.041098584 2.6160994 76.045047 0.3247465 0.91273564 44.917577
195.33613 0.30263345 1485.8516 0.00016043394 3.9041901 92.898628 0.00056553109 3.8247561 91.948721 0.0042808939 3.5343702 88.389329 0.040447005 2.6678156 76.793015 0.31959795 0.94338649 45.665545
196.89076 0.29787322 1462.48 0.00015791042 3.967312 93.646595 0.00055663564 3.8872351 92.696689 0.0042135582 3.5944404 89.137297 0.039810799 2.720038 77.540983 0.31457088 0.97454353 46.413513
198.44538 0.29322442 1439.6556 0.00015544597 4.0309399 94.394563 0.00054794843 3.9502202 93.444656 0.0041477987 3.6550167 89.885265 0.039189486 2.7727666 78.288951 0.30966148 1.0062067 47.16148
200 0.2886836 1417.3614 0.00015303876 4.0950741 95.142531 0.00053946301 4.0137115 94.192624 0.0040835667 3.7160992 90.633233 0.038582606 2.8260013 79.036919 0.30486613 1.0383761 47.909448
