canopy duty lolp
0.01 0.05 0
0.01 0.074359 0
0.01 0.0987179 0
0.01 0.123077 0
0.01 0.147436 0
0.01 0.171795 0
0.01 0.196154 0
0.01 0.220513 0
0.01 0.244872 0
0.01 0.269231 0.0447489
0.01 0.29359 0.120548
0.01 0.317949 0.195434
0.01 0.342308 0.281279
0.01 0.366667 0.362557
0.01 0.391026 0.441096
0.01 0.415385 0.546119
0.01 0.439744 0.66484
0.01 0.464103 0.772603
0.01 0.488462 0.853881
0.01 0.512821 0.903196
0.01 0.537179 0.928767
0.01 0.561538 0.950685
0.01 0.585897 0.953425
0.01 0.610256 0.956164
0.01 0.634615 0.957991
0.01 0.658974 0.960731
0.01 0.683333 0.962557
0.01 0.707692 0.96347
0.01 0.732051 0.965297
0.01 0.75641 0.96621
0.01 0.780769 0.968037
0.01 0.805128 0.96895
0.01 0.829487 0.969863
0.01 0.853846 0.971689
0.01 0.878205 0.971689
0.01 0.902564 0.972603
0.01 0.926923 0.973516
0.01 0.951282 0.974429
0.01 0.975641 0.975342
0.01 1 0.976256

0.0174359 0.05 0
0.0174359 0.074359 0
0.0174359 0.0987179 0
0.0174359 0.123077 0
0.0174359 0.147436 0
0.0174359 0.171795 0
0.0174359 0.196154 0
0.0174359 0.220513 0
0.0174359 0.244872 0
0.0174359 0.269231 0
0.0174359 0.29359 0
0.0174359 0.317949 0
0.0174359 0.342308 0
0.0174359 0.366667 0
0.0174359 0.391026 0.0611872
0.0174359 0.415385 0.0968037
0.0174359 0.439744 0.123288
0.0174359 0.464103 0.142466
0.0174359 0.488462 0.164384
0.0174359 0.512821 0.190868
0.0174359 0.537179 0.211872
0.0174359 0.561538 0.232877
0.0174359 0.585897 0.291324
0.0174359 0.610256 0.347032
0.0174359 0.634615 0.398174
0.0174359 0.658974 0.443836
0.0174359 0.683333 0.485845
0.0174359 0.707692 0.536073
0.0174359 0.732051 0.592694
0.0174359 0.75641 0.652055
0.0174359 0.780769 0.715068
0.0174359 0.805128 0.776256
0.0174359 0.829487 0.831963
0.0174359 0.853846 0.86758
0.0174359 0.878205 0.90411
0.0174359 0.902564 0.926027
0.0174359 0.926923 0.942466
0.0174359 0.951282 0.954338
0.0174359 0.975641 0.961644
0.0174359 1 0.973516

0.0248718 0.05 0
0.0248718 0.074359 0
0.0248718 0.0987179 0
0.0248718 0.123077 0
0.0248718 0.147436 0
0.0248718 0.171795 0
0.0248718 0.196154 0
0.0248718 0.220513 0
0.0248718 0.244872 0
0.0248718 0.269231 0
0.0248718 0.29359 0
0.0248718 0.317949 0
0.0248718 0.342308 0
0.0248718 0.366667 0
0.0248718 0.391026 0
0.0248718 0.415385 0
0.0248718 0.439744 0
0.0248718 0.464103 0
0.0248718 0.488462 0.03379
0.0248718 0.512821 0.0730594
0.0248718 0.537179 0.107763
0.0248718 0.561538 0.127854
0.0248718 0.585897 0.147945
0.0248718 0.610256 0.16895
0.0248718 0.634615 0.188128
0.0248718 0.658974 0.201826
0.0248718 0.683333 0.213699
0.0248718 0.707692 0.235616
0.0248718 0.732051 0.263014
0.0248718 0.75641 0.278539
0.0248718 0.780769 0.300457
0.0248718 0.805128 0.321461
0.0248718 0.829487 0.3379
0.0248718 0.853846 0.354338
0.0248718 0.878205 0.372603
0.0248718 0.902564 0.40274
0.0248718 0.926923 0.43653
0.0248718 0.951282 0.465753
0.0248718 0.975641 0.494064
0.0248718 1 0.531507

0.0323077 0.05 0
0.0323077 0.074359 0
0.0323077 0.0987179 0
0.0323077 0.123077 0
0.0323077 0.147436 0
0.0323077 0.171795 0
0.0323077 0.196154 0
0.0323077 0.220513 0
0.0323077 0.244872 0
0.0323077 0.269231 0
0.0323077 0.29359 0
0.0323077 0.317949 0
0.0323077 0.342308 0
0.0323077 0.366667 0
0.0323077 0.391026 0
0.0323077 0.415385 0
0.0323077 0.439744 0
0.0323077 0.464103 0
0.0323077 0.488462 0
0.0323077 0.512821 0
0.0323077 0.537179 0
0.0323077 0.561538 0
0.0323077 0.585897 0.0347032
0.0323077 0.610256 0.0611872
0.0323077 0.634615 0.0821918
0.0323077 0.658974 0.103196
0.0323077 0.683333 0.128767
0.0323077 0.707692 0.153425
0.0323077 0.732051 0.173516
0.0323077 0.75641 0.187215
0.0323077 0.780769 0.199087
0.0323077 0.805128 0.210046
0.0323077 0.829487 0.235616
0.0323077 0.853846 0.252055
0.0323077 0.878205 0.266667
0.0323077 0.902564 0.280365
0.0323077 0.926923 0.294977
0.0323077 0.951282 0.310502
0.0323077 0.975641 0.320548
0.0323077 1 0.32968

0.0397436 0.05 0
0.0397436 0.074359 0
0.0397436 0.0987179 0
0.0397436 0.123077 0
0.0397436 0.147436 0
0.0397436 0.171795 0
0.0397436 0.196154 0
0.0397436 0.220513 0
0.0397436 0.244872 0
0.0397436 0.269231 0
0.0397436 0.29359 0
0.0397436 0.317949 0
0.0397436 0.342308 0
0.0397436 0.366667 0
0.0397436 0.391026 0
0.0397436 0.415385 0
0.0397436 0.439744 0
0.0397436 0.464103 0
0.0397436 0.488462 0
0.0397436 0.512821 0
0.0397436 0.537179 0
0.0397436 0.561538 0
0.0397436 0.585897 0
0.0397436 0.610256 0
0.0397436 0.634615 0
0.0397436 0.658974 0.00730594
0.0397436 0.683333 0.0383562
0.0397436 0.707692 0.060274
0.0397436 0.732051 0.0767123
0.0397436 0.75641 0.0913242
0.0397436 0.780769 0.109589
0.0397436 0.805128 0.13242
0.0397436 0.829487 0.152511
0.0397436 0.853846 0.170776
0.0397436 0.878205 0.186301
0.0397436 0.902564 0.198174
0.0397436 0.926923 0.212785
0.0397436 0.951282 0.230137
0.0397436 0.975641 0.245662
0.0397436 1 0.261187

0.0471795 0.05 0
0.0471795 0.074359 0
0.0471795 0.0987179 0
0.0471795 0.123077 0
0.0471795 0.147436 0
0.0471795 0.171795 0
0.0471795 0.196154 0
0.0471795 0.220513 0
0.0471795 0.244872 0
0.0471795 0.269231 0
0.0471795 0.29359 0
0.0471795 0.317949 0
0.0471795 0.342308 0
0.0471795 0.366667 0
0.0471795 0.391026 0
0.0471795 0.415385 0
0.0471795 0.439744 0
0.0471795 0.464103 0
0.0471795 0.488462 0
0.0471795 0.512821 0
0.0471795 0.537179 0
0.0471795 0.561538 0
0.0471795 0.585897 0
0.0471795 0.610256 0
0.0471795 0.634615 0
0.0471795 0.658974 0
0.0471795 0.683333 0
0.0471795 0.707692 0
0.0471795 0.732051 0
0.0471795 0.75641 0.0191781
0.0471795 0.780769 0.0410959
0.0471795 0.805128 0.0584475
0.0471795 0.829487 0.0721461
0.0471795 0.853846 0.0858447
0.0471795 0.878205 0.106849
0.0471795 0.902564 0.122374
0.0471795 0.926923 0.138813
0.0471795 0.951282 0.151598
0.0471795 0.975641 0.16621
0.0471795 1 0.181735

0.0546154 0.05 0
0.0546154 0.074359 0
0.0546154 0.0987179 0
0.0546154 0.123077 0
0.0546154 0.147436 0
0.0546154 0.171795 0
0.0546154 0.196154 0
0.0546154 0.220513 0
0.0546154 0.244872 0
0.0546154 0.269231 0
0.0546154 0.29359 0
0.0546154 0.317949 0
0.0546154 0.342308 0
0.0546154 0.366667 0
0.0546154 0.391026 0
0.0546154 0.415385 0
0.0546154 0.439744 0
0.0546154 0.464103 0
0.0546154 0.488462 0
0.0546154 0.512821 0
0.0546154 0.537179 0
0.0546154 0.561538 0
0.0546154 0.585897 0
0.0546154 0.610256 0
0.0546154 0.634615 0
0.0546154 0.658974 0
0.0546154 0.683333 0
0.0546154 0.707692 0
0.0546154 0.732051 0
0.0546154 0.75641 0
0.0546154 0.780769 0
0.0546154 0.805128 0
0.0546154 0.829487 0.0109589
0.0546154 0.853846 0.030137
0.0546154 0.878205 0.0420091
0.0546154 0.902564 0.0557078
0.0546154 0.926923 0.0694064
0.0546154 0.951282 0.086758
0.0546154 0.975641 0.10411
0.0546154 1 0.120548

0.0620513 0.05 0
0.0620513 0.074359 0
0.0620513 0.0987179 0
0.0620513 0.123077 0
0.0620513 0.147436 0
0.0620513 0.171795 0
0.0620513 0.196154 0
0.0620513 0.220513 0
0.0620513 0.244872 0
0.0620513 0.269231 0
0.0620513 0.29359 0
0.0620513 0.317949 0
0.0620513 0.342308 0
0.0620513 0.366667 0
0.0620513 0.391026 0
0.0620513 0.415385 0
0.0620513 0.439744 0
0.0620513 0.464103 0
0.0620513 0.488462 0
0.0620513 0.512821 0
0.0620513 0.537179 0
0.0620513 0.561538 0
0.0620513 0.585897 0
0.0620513 0.610256 0
0.0620513 0.634615 0
0.0620513 0.658974 0
0.0620513 0.683333 0
0.0620513 0.707692 0
0.0620513 0.732051 0
0.0620513 0.75641 0
0.0620513 0.780769 0
0.0620513 0.805128 0
0.0620513 0.829487 0
0.0620513 0.853846 0
0.0620513 0.878205 0
0.0620513 0.902564 0.00456621
0.0620513 0.926923 0.0210046
0.0620513 0.951282 0.0374429
0.0620513 0.975641 0.0484018
0.0620513 1 0.0575342

0.0694872 0.05 0
0.0694872 0.074359 0
0.0694872 0.0987179 0
0.0694872 0.123077 0
0.0694872 0.147436 0
0.0694872 0.171795 0
0.0694872 0.196154 0
0.0694872 0.220513 0
0.0694872 0.244872 0
0.0694872 0.269231 0
0.0694872 0.29359 0
0.0694872 0.317949 0
0.0694872 0.342308 0
0.0694872 0.366667 0
0.0694872 0.391026 0
0.0694872 0.415385 0
0.0694872 0.439744 0
0.0694872 0.464103 0
0.0694872 0.488462 0
0.0694872 0.512821 0
0.0694872 0.537179 0
0.0694872 0.561538 0
0.0694872 0.585897 0
0.0694872 0.610256 0
0.0694872 0.634615 0
0.0694872 0.658974 0
0.0694872 0.683333 0
0.0694872 0.707692 0
0.0694872 0.732051 0
0.0694872 0.75641 0
0.0694872 0.780769 0
0.0694872 0.805128 0
0.0694872 0.829487 0
0.0694872 0.853846 0
0.0694872 0.878205 0
0.0694872 0.902564 0
0.0694872 0.926923 0
0.0694872 0.951282 0
0.0694872 0.975641 0.000913242
0.0694872 1 0.0164384

0.0769231 0.05 0
0.0769231 0.074359 0
0.0769231 0.0987179 0
0.0769231 0.123077 0
0.0769231 0.147436 0
0.0769231 0.171795 0
0.0769231 0.196154 0
0.0769231 0.220513 0
0.0769231 0.244872 0
0.0769231 0.269231 0
0.0769231 0.29359 0
0.0769231 0.317949 0
0.0769231 0.342308 0
0.0769231 0.366667 0
0.0769231 0.391026 0
0.0769231 0.415385 0
0.0769231 0.439744 0
0.0769231 0.464103 0
0.0769231 0.488462 0
0.0769231 0.512821 0
0.0769231 0.537179 0
0.0769231 0.561538 0
0.0769231 0.585897 0
0.0769231 0.610256 0
0.0769231 0.634615 0
0.0769231 0.658974 0
0.0769231 0.683333 0
0.0769231 0.707692 0
0.0769231 0.732051 0
0.0769231 0.75641 0
0.0769231 0.780769 0
0.0769231 0.805128 0
0.0769231 0.829487 0
0.0769231 0.853846 0
0.0769231 0.878205 0
0.0769231 0.902564 0
0.0769231 0.926923 0
0.0769231 0.951282 0
0.0769231 0.975641 0
0.0769231 1 0

0.084359 0.05 0
0.084359 0.074359 0
0.084359 0.0987179 0
0.084359 0.123077 0
0.084359 0.147436 0
0.084359 0.171795 0
0.084359 0.196154 0
0.084359 0.220513 0
0.084359 0.244872 0
0.084359 0.269231 0
0.084359 0.29359 0
0.084359 0.317949 0
0.084359 0.342308 0
0.084359 0.366667 0
0.084359 0.391026 0
0.084359 0.415385 0
0.084359 0.439744 0
0.084359 0.464103 0
0.084359 0.488462 0
0.084359 0.512821 0
0.084359 0.537179 0
0.084359 0.561538 0
0.084359 0.585897 0
0.084359 0.610256 0
0.084359 0.634615 0
0.084359 0.658974 0
0.084359 0.683333 0
0.084359 0.707692 0
0.084359 0.732051 0
0.084359 0.75641 0
0.084359 0.780769 0
0.084359 0.805128 0
0.084359 0.829487 0
0.084359 0.853846 0
0.084359 0.878205 0
0.084359 0.902564 0
0.084359 0.926923 0
0.084359 0.951282 0
0.084359 0.975641 0
0.084359 1 0

0.0917949 0.05 0
0.0917949 0.074359 0
0.0917949 0.0987179 0
0.0917949 0.123077 0
0.0917949 0.147436 0
0.0917949 0.171795 0
0.0917949 0.196154 0
0.0917949 0.220513 0
0.0917949 0.244872 0
0.0917949 0.269231 0
0.0917949 0.29359 0
0.0917949 0.317949 0
0.0917949 0.342308 0
0.0917949 0.366667 0
0.0917949 0.391026 0
0.0917949 0.415385 0
0.0917949 0.439744 0
0.0917949 0.464103 0
0.0917949 0.488462 0
0.0917949 0.512821 0
0.0917949 0.537179 0
0.0917949 0.561538 0
0.0917949 0.585897 0
0.0917949 0.610256 0
0.0917949 0.634615 0
0.0917949 0.658974 0
0.0917949 0.683333 0
0.0917949 0.707692 0
0.0917949 0.732051 0
0.0917949 0.75641 0
0.0917949 0.780769 0
0.0917949 0.805128 0
0.0917949 0.829487 0
0.0917949 0.853846 0
0.0917949 0.878205 0
0.0917949 0.902564 0
0.0917949 0.926923 0
0.0917949 0.951282 0
0.0917949 0.975641 0
0.0917949 1 0

0.0992308 0.05 0
0.0992308 0.074359 0
0.0992308 0.0987179 0
0.0992308 0.123077 0
0.0992308 0.147436 0
0.0992308 0.171795 0
0.0992308 0.196154 0
0.0992308 0.220513 0
0.0992308 0.244872 0
0.0992308 0.269231 0
0.0992308 0.29359 0
0.0992308 0.317949 0
0.0992308 0.342308 0
0.0992308 0.366667 0
0.0992308 0.391026 0
0.0992308 0.415385 0
0.0992308 0.439744 0
0.0992308 0.464103 0
0.0992308 0.488462 0
0.0992308 0.512821 0
0.0992308 0.537179 0
0.0992308 0.561538 0
0.0992308 0.585897 0
0.0992308 0.610256 0
0.0992308 0.634615 0
0.0992308 0.658974 0
0.0992308 0.683333 0
0.0992308 0.707692 0
0.0992308 0.732051 0
0.0992308 0.75641 0
0.0992308 0.780769 0
0.0992308 0.805128 0
0.0992308 0.829487 0
0.0992308 0.853846 0
0.0992308 0.878205 0
0.0992308 0.902564 0
0.0992308 0.926923 0
0.0992308 0.951282 0
0.0992308 0.975641 0
0.0992308 1 0

0.106667 0.05 0
0.106667 0.074359 0
0.106667 0.0987179 0
0.106667 0.123077 0
0.106667 0.147436 0
0.106667 0.171795 0
0.106667 0.196154 0
0.106667 0.220513 0
0.106667 0.244872 0
0.106667 0.269231 0
0.106667 0.29359 0
0.106667 0.317949 0
0.106667 0.342308 0
0.106667 0.366667 0
0.106667 0.391026 0
0.106667 0.415385 0
0.106667 0.439744 0
0.106667 0.464103 0
0.106667 0.488462 0
0.106667 0.512821 0
0.106667 0.537179 0
0.106667 0.561538 0
0.106667 0.585897 0
0.106667 0.610256 0
0.106667 0.634615 0
0.106667 0.658974 0
0.106667 0.683333 0
0.106667 0.707692 0
0.106667 0.732051 0
0.106667 0.75641 0
0.106667 0.780769 0
0.106667 0.805128 0
0.106667 0.829487 0
0.106667 0.853846 0
0.106667 0.878205 0
0.106667 0.902564 0
0.106667 0.926923 0
0.106667 0.951282 0
0.106667 0.975641 0
0.106667 1 0

0.114103 0.05 0
0.114103 0.074359 0
0.114103 0.0987179 0
0.114103 0.123077 0
0.114103 0.147436 0
0.114103 0.171795 0
0.114103 0.196154 0
0.114103 0.220513 0
0.114103 0.244872 0
0.114103 0.269231 0
0.114103 0.29359 0
0.114103 0.317949 0
0.114103 0.342308 0
0.114103 0.366667 0
0.114103 0.391026 0
0.114103 0.415385 0
0.114103 0.439744 0
0.114103 0.464103 0
0.114103 0.488462 0
0.114103 0.512821 0
0.114103 0.537179 0
0.114103 0.561538 0
0.114103 0.585897 0
0.114103 0.610256 0
0.114103 0.634615 0
0.114103 0.658974 0
0.114103 0.683333 0
0.114103 0.707692 0
0.114103 0.732051 0
0.114103 0.75641 0
0.114103 0.780769 0
0.114103 0.805128 0
0.114103 0.829487 0
0.114103 0.853846 0
0.114103 0.878205 0
0.114103 0.902564 0
0.114103 0.926923 0
0.114103 0.951282 0
0.114103 0.975641 0
0.114103 1 0

0.121538 0.05 0
0.121538 0.074359 0
0.121538 0.0987179 0
0.121538 0.123077 0
0.121538 0.147436 0
0.121538 0.171795 0
0.121538 0.196154 0
0.121538 0.220513 0
0.121538 0.244872 0
0.121538 0.269231 0
0.121538 0.29359 0
0.121538 0.317949 0
0.121538 0.342308 0
0.121538 0.366667 0
0.121538 0.391026 0
0.121538 0.415385 0
0.121538 0.439744 0
0.121538 0.464103 0
0.121538 0.488462 0
0.121538 0.512821 0
0.121538 0.537179 0
0.121538 0.561538 0
0.121538 0.585897 0
0.121538 0.610256 0
0.121538 0.634615 0
0.121538 0.658974 0
0.121538 0.683333 0
0.121538 0.707692 0
0.121538 0.732051 0
0.121538 0.75641 0
0.121538 0.780769 0
0.121538 0.805128 0
0.121538 0.829487 0
0.121538 0.853846 0
0.121538 0.878205 0
0.121538 0.902564 0
0.121538 0.926923 0
0.121538 0.951282 0
0.121538 0.975641 0
0.121538 1 0

0.128974 0.05 0
0.128974 0.074359 0
0.128974 0.0987179 0
0.128974 0.123077 0
0.128974 0.147436 0
0.128974 0.171795 0
0.128974 0.196154 0
0.128974 0.220513 0
0.128974 0.244872 0
0.128974 0.269231 0
0.128974 0.29359 0
0.128974 0.317949 0
0.128974 0.342308 0
0.128974 0.366667 0
0.128974 0.391026 0
0.128974 0.415385 0
0.128974 0.439744 0
0.128974 0.464103 0
0.128974 0.488462 0
0.128974 0.512821 0
0.128974 0.537179 0
0.128974 0.561538 0
0.128974 0.585897 0
0.128974 0.610256 0
0.128974 0.634615 0
0.128974 0.658974 0
0.128974 0.683333 0
0.128974 0.707692 0
0.128974 0.732051 0
0.128974 0.75641 0
0.128974 0.780769 0
0.128974 0.805128 0
0.128974 0.829487 0
0.128974 0.853846 0
0.128974 0.878205 0
0.128974 0.902564 0
0.128974 0.926923 0
0.128974 0.951282 0
0.128974 0.975641 0
0.128974 1 0

0.13641 0.05 0
0.13641 0.074359 0
0.13641 0.0987179 0
0.13641 0.123077 0
0.13641 0.147436 0
0.13641 0.171795 0
0.13641 0.196154 0
0.13641 0.220513 0
0.13641 0.244872 0
0.13641 0.269231 0
0.13641 0.29359 0
0.13641 0.317949 0
0.13641 0.342308 0
0.13641 0.366667 0
0.13641 0.391026 0
0.13641 0.415385 0
0.13641 0.439744 0
0.13641 0.464103 0
0.13641 0.488462 0
0.13641 0.512821 0
0.13641 0.537179 0
0.13641 0.561538 0
0.13641 0.585897 0
0.13641 0.610256 0
0.13641 0.634615 0
0.13641 0.658974 0
0.13641 0.683333 0
0.13641 0.707692 0
0.13641 0.732051 0
0.13641 0.75641 0
0.13641 0.780769 0
0.13641 0.805128 0
0.13641 0.829487 0
0.13641 0.853846 0
0.13641 0.878205 0
0.13641 0.902564 0
0.13641 0.926923 0
0.13641 0.951282 0
0.13641 0.975641 0
0.13641 1 0

0.143846 0.05 0
0.143846 0.074359 0
0.143846 0.0987179 0
0.143846 0.123077 0
0.143846 0.147436 0
0.143846 0.171795 0
0.143846 0.196154 0
0.143846 0.220513 0
0.143846 0.244872 0
0.143846 0.269231 0
0.143846 0.29359 0
0.143846 0.317949 0
0.143846 0.342308 0
0.143846 0.366667 0
0.143846 0.391026 0
0.143846 0.415385 0
0.143846 0.439744 0
0.143846 0.464103 0
0.143846 0.488462 0
0.143846 0.512821 0
0.143846 0.537179 0
0.143846 0.561538 0
0.143846 0.585897 0
0.143846 0.610256 0
0.143846 0.634615 0
0.143846 0.658974 0
0.143846 0.683333 0
0.143846 0.707692 0
0.143846 0.732051 0
0.143846 0.75641 0
0.143846 0.780769 0
0.143846 0.805128 0
0.143846 0.829487 0
0.143846 0.853846 0
0.143846 0.878205 0
0.143846 0.902564 0
0.143846 0.926923 0
0.143846 0.951282 0
0.143846 0.975641 0
0.143846 1 0

0.151282 0.05 0
0.151282 0.074359 0
0.151282 0.0987179 0
0.151282 0.123077 0
0.151282 0.147436 0
0.151282 0.171795 0
0.151282 0.196154 0
0.151282 0.220513 0
0.151282 0.244872 0
0.151282 0.269231 0
0.151282 0.29359 0
0.151282 0.317949 0
0.151282 0.342308 0
0.151282 0.366667 0
0.151282 0.391026 0
0.151282 0.415385 0
0.151282 0.439744 0
0.151282 0.464103 0
0.151282 0.488462 0
0.151282 0.512821 0
0.151282 0.537179 0
0.151282 0.561538 0
0.151282 0.585897 0
0.151282 0.610256 0
0.151282 0.634615 0
0.151282 0.658974 0
0.151282 0.683333 0
0.151282 0.707692 0
0.151282 0.732051 0
0.151282 0.75641 0
0.151282 0.780769 0
0.151282 0.805128 0
0.151282 0.829487 0
0.151282 0.853846 0
0.151282 0.878205 0
0.151282 0.902564 0
0.151282 0.926923 0
0.151282 0.951282 0
0.151282 0.975641 0
0.151282 1 0

0.158718 0.05 0
0.158718 0.074359 0
0.158718 0.0987179 0
0.158718 0.123077 0
0.158718 0.147436 0
0.158718 0.171795 0
0.158718 0.196154 0
0.158718 0.220513 0
0.158718 0.244872 0
0.158718 0.269231 0
0.158718 0.29359 0
0.158718 0.317949 0
0.158718 0.342308 0
0.158718 0.366667 0
0.158718 0.391026 0
0.158718 0.415385 0
0.158718 0.439744 0
0.158718 0.464103 0
0.158718 0.488462 0
0.158718 0.512821 0
0.158718 0.537179 0
0.158718 0.561538 0
0.158718 0.585897 0
0.158718 0.610256 0
0.158718 0.634615 0
0.158718 0.658974 0
0.158718 0.683333 0
0.158718 0.707692 0
0.158718 0.732051 0
0.158718 0.75641 0
0.158718 0.780769 0
0.158718 0.805128 0
0.158718 0.829487 0
0.158718 0.853846 0
0.158718 0.878205 0
0.158718 0.902564 0
0.158718 0.926923 0
0.158718 0.951282 0
0.158718 0.975641 0
0.158718 1 0

0.166154 0.05 0
0.166154 0.074359 0
0.166154 0.0987179 0
0.166154 0.123077 0
0.166154 0.147436 0
0.166154 0.171795 0
0.166154 0.196154 0
0.166154 0.220513 0
0.166154 0.244872 0
0.166154 0.269231 0
0.166154 0.29359 0
0.166154 0.317949 0
0.166154 0.342308 0
0.166154 0.366667 0
0.166154 0.391026 0
0.166154 0.415385 0
0.166154 0.439744 0
0.166154 0.464103 0
0.166154 0.488462 0
0.166154 0.512821 0
0.166154 0.537179 0
0.166154 0.561538 0
0.166154 0.585897 0
0.166154 0.610256 0
0.166154 0.634615 0
0.166154 0.658974 0
0.166154 0.683333 0
0.166154 0.707692 0
0.166154 0.732051 0
0.166154 0.75641 0
0.166154 0.780769 0
0.166154 0.805128 0
0.166154 0.829487 0
0.166154 0.853846 0
0.166154 0.878205 0
0.166154 0.902564 0
0.166154 0.926923 0
0.166154 0.951282 0
0.166154 0.975641 0
0.166154 1 0

0.17359 0.05 0
0.17359 0.074359 0
0.17359 0.0987179 0
0.17359 0.123077 0
0.17359 0.147436 0
0.17359 0.171795 0
0.17359 0.196154 0
0.17359 0.220513 0
0.17359 0.244872 0
0.17359 0.269231 0
0.17359 0.29359 0
0.17359 0.317949 0
0.17359 0.342308 0
0.17359 0.366667 0
0.17359 0.391026 0
0.17359 0.415385 0
0.17359 0.439744 0
0.17359 0.464103 0
0.17359 0.488462 0
0.17359 0.512821 0
0.17359 0.537179 0
0.17359 0.561538 0
0.17359 0.585897 0
0.17359 0.610256 0
0.17359 0.634615 0
0.17359 0.658974 0
0.17359 0.683333 0
0.17359 0.707692 0
0.17359 0.732051 0
0.17359 0.75641 0
0.17359 0.780769 0
0.17359 0.805128 0
0.17359 0.829487 0
0.17359 0.853846 0
0.17359 0.878205 0
0.17359 0.902564 0
0.17359 0.926923 0
0.17359 0.951282 0
0.17359 0.975641 0
0.17359 1 0

0.181026 0.05 0
0.181026 0.074359 0
0.181026 0.0987179 0
0.181026 0.123077 0
0.181026 0.147436 0
0.181026 0.171795 0
0.181026 0.196154 0
0.181026 0.220513 0
0.181026 0.244872 0
0.181026 0.269231 0
0.181026 0.29359 0
0.181026 0.317949 0
0.181026 0.342308 0
0.181026 0.366667 0
0.181026 0.391026 0
0.181026 0.415385 0
0.181026 0.439744 0
0.181026 0.464103 0
0.181026 0.488462 0
0.181026 0.512821 0
0.181026 0.537179 0
0.181026 0.561538 0
0.181026 0.585897 0
0.181026 0.610256 0
0.181026 0.634615 0
0.181026 0.658974 0
0.181026 0.683333 0
0.181026 0.707692 0
0.181026 0.732051 0
0.181026 0.75641 0
0.181026 0.780769 0
0.181026 0.805128 0
0.181026 0.829487 0
0.181026 0.853846 0
0.181026 0.878205 0
0.181026 0.902564 0
0.181026 0.926923 0
0.181026 0.951282 0
0.181026 0.975641 0
0.181026 1 0

0.188462 0.05 0
0.188462 0.074359 0
0.188462 0.0987179 0
0.188462 0.123077 0
0.188462 0.147436 0
0.188462 0.171795 0
0.188462 0.196154 0
0.188462 0.220513 0
0.188462 0.244872 0
0.188462 0.269231 0
0.188462 0.29359 0
0.188462 0.317949 0
0.188462 0.342308 0
0.188462 0.366667 0
0.188462 0.391026 0
0.188462 0.415385 0
0.188462 0.439744 0
0.188462 0.464103 0
0.188462 0.488462 0
0.188462 0.512821 0
0.188462 0.537179 0
0.188462 0.561538 0
0.188462 0.585897 0
0.188462 0.610256 0
0.188462 0.634615 0
0.188462 0.658974 0
0.188462 0.683333 0
0.188462 0.707692 0
0.188462 0.732051 0
0.188462 0.75641 0
0.188462 0.780769 0
0.188462 0.805128 0
0.188462 0.829487 0
0.188462 0.853846 0
0.188462 0.878205 0
0.188462 0.902564 0
0.188462 0.926923 0
0.188462 0.951282 0
0.188462 0.975641 0
0.188462 1 0

0.195897 0.05 0
0.195897 0.074359 0
0.195897 0.0987179 0
0.195897 0.123077 0
0.195897 0.147436 0
0.195897 0.171795 0
0.195897 0.196154 0
0.195897 0.220513 0
0.195897 0.244872 0
0.195897 0.269231 0
0.195897 0.29359 0
0.195897 0.317949 0
0.195897 0.342308 0
0.195897 0.366667 0
0.195897 0.391026 0
0.195897 0.415385 0
0.195897 0.439744 0
0.195897 0.464103 0
0.195897 0.488462 0
0.195897 0.512821 0
0.195897 0.537179 0
0.195897 0.561538 0
0.195897 0.585897 0
0.195897 0.610256 0
0.195897 0.634615 0
0.195897 0.658974 0
0.195897 0.683333 0
0.195897 0.707692 0
0.195897 0.732051 0
0.195897 0.75641 0
0.195897 0.780769 0
0.195897 0.805128 0
0.195897 0.829487 0
0.195897 0.853846 0
0.195897 0.878205 0
0.195897 0.902564 0
0.195897 0.926923 0
0.195897 0.951282 0
0.195897 0.975641 0
0.195897 1 0

0.203333 0.05 0
0.203333 0.074359 0
0.203333 0.0987179 0
0.203333 0.123077 0
0.203333 0.147436 0
0.203333 0.171795 0
0.203333 0.196154 0
0.203333 0.220513 0
0.203333 0.244872 0
0.203333 0.269231 0
0.203333 0.29359 0
0.203333 0.317949 0
0.203333 0.342308 0
0.203333 0.366667 0
0.203333 0.391026 0
0.203333 0.415385 0
0.203333 0.439744 0
0.203333 0.464103 0
0.203333 0.488462 0
0.203333 0.512821 0
0.203333 0.537179 0
0.203333 0.561538 0
0.203333 0.585897 0
0.203333 0.610256 0
0.203333 0.634615 0
0.203333 0.658974 0
0.203333 0.683333 0
0.203333 0.707692 0
0.203333 0.732051 0
0.203333 0.75641 0
0.203333 0.780769 0
0.203333 0.805128 0
0.203333 0.829487 0
0.203333 0.853846 0
0.203333 0.878205 0
0.203333 0.902564 0
0.203333 0.926923 0
0.203333 0.951282 0
0.203333 0.975641 0
0.203333 1 0

0.210769 0.05 0
0.210769 0.074359 0
0.210769 0.0987179 0
0.210769 0.123077 0
0.210769 0.147436 0
0.210769 0.171795 0
0.210769 0.196154 0
0.210769 0.220513 0
0.210769 0.244872 0
0.210769 0.269231 0
0.210769 0.29359 0
0.210769 0.317949 0
0.210769 0.342308 0
0.210769 0.366667 0
0.210769 0.391026 0
0.210769 0.415385 0
0.210769 0.439744 0
0.210769 0.464103 0
0.210769 0.488462 0
0.210769 0.512821 0
0.210769 0.537179 0
0.210769 0.561538 0
0.210769 0.585897 0
0.210769 0.610256 0
0.210769 0.634615 0
0.210769 0.658974 0
0.210769 0.683333 0
0.210769 0.707692 0
0.210769 0.732051 0
0.210769 0.75641 0
0.210769 0.780769 0
0.210769 0.805128 0
0.210769 0.829487 0
0.210769 0.853846 0
0.210769 0.878205 0
0.210769 0.902564 0
0.210769 0.926923 0
0.210769 0.951282 0
0.210769 0.975641 0
0.210769 1 0

0.218205 0.05 0
0.218205 0.074359 0
0.218205 0.0987179 0
0.218205 0.123077 0
0.218205 0.147436 0
0.218205 0.171795 0
0.218205 0.196154 0
0.218205 0.220513 0
0.218205 0.244872 0
0.218205 0.269231 0
0.218205 0.29359 0
0.218205 0.317949 0
0.218205 0.342308 0
0.218205 0.366667 0
0.218205 0.391026 0
0.218205 0.415385 0
0.218205 0.439744 0
0.218205 0.464103 0
0.218205 0.488462 0
0.218205 0.512821 0
0.218205 0.537179 0
0.218205 0.561538 0
0.218205 0.585897 0
0.218205 0.610256 0
0.218205 0.634615 0
0.218205 0.658974 0
0.218205 0.683333 0
0.218205 0.707692 0
0.218205 0.732051 0
0.218205 0.75641 0
0.218205 0.780769 0
0.218205 0.805128 0
0.218205 0.829487 0
0.218205 0.853846 0
0.218205 0.878205 0
0.218205 0.902564 0
0.218205 0.926923 0
0.218205 0.951282 0
0.218205 0.975641 0
0.218205 1 0

0.225641 0.05 0
0.225641 0.074359 0
0.225641 0.0987179 0
0.225641 0.123077 0
0.225641 0.147436 0
0.225641 0.171795 0
0.225641 0.196154 0
0.225641 0.220513 0
0.225641 0.244872 0
0.225641 0.269231 0
0.225641 0.29359 0
0.225641 0.317949 0
0.225641 0.342308 0
0.225641 0.366667 0
0.225641 0.391026 0
0.225641 0.415385 0
0.225641 0.439744 0
0.225641 0.464103 0
0.225641 0.488462 0
0.225641 0.512821 0
0.225641 0.537179 0
0.225641 0.561538 0
0.225641 0.585897 0
0.225641 0.610256 0
0.225641 0.634615 0
0.225641 0.658974 0
0.225641 0.683333 0
0.225641 0.707692 0
0.225641 0.732051 0
0.225641 0.75641 0
0.225641 0.780769 0
0.225641 0.805128 0
0.225641 0.829487 0
0.225641 0.853846 0
0.225641 0.878205 0
0.225641 0.902564 0
0.225641 0.926923 0
0.225641 0.951282 0
0.225641 0.975641 0
0.225641 1 0

0.233077 0.05 0
0.233077 0.074359 0
0.233077 0.0987179 0
0.233077 0.123077 0
0.233077 0.147436 0
0.233077 0.171795 0
0.233077 0.196154 0
0.233077 0.220513 0
0.233077 0.244872 0
0.233077 0.269231 0
0.233077 0.29359 0
0.233077 0.317949 0
0.233077 0.342308 0
0.233077 0.366667 0
0.233077 0.391026 0
0.233077 0.415385 0
0.233077 0.439744 0
0.233077 0.464103 0
0.233077 0.488462 0
0.233077 0.512821 0
0.233077 0.537179 0
0.233077 0.561538 0
0.233077 0.585897 0
0.233077 0.610256 0
0.233077 0.634615 0
0.233077 0.658974 0
0.233077 0.683333 0
0.233077 0.707692 0
0.233077 0.732051 0
0.233077 0.75641 0
0.233077 0.780769 0
0.233077 0.805128 0
0.233077 0.829487 0
0.233077 0.853846 0
0.233077 0.878205 0
0.233077 0.902564 0
0.233077 0.926923 0
0.233077 0.951282 0
0.233077 0.975641 0
0.233077 1 0

0.240513 0.05 0
0.240513 0.074359 0
0.240513 0.0987179 0
0.240513 0.123077 0
0.240513 0.147436 0
0.240513 0.171795 0
0.240513 0.196154 0
0.240513 0.220513 0
0.240513 0.244872 0
0.240513 0.269231 0
0.240513 0.29359 0
0.240513 0.317949 0
0.240513 0.342308 0
0.240513 0.366667 0
0.240513 0.391026 0
0.240513 0.415385 0
0.240513 0.439744 0
0.240513 0.464103 0
0.240513 0.488462 0
0.240513 0.512821 0
0.240513 0.537179 0
0.240513 0.561538 0
0.240513 0.585897 0
0.240513 0.610256 0
0.240513 0.634615 0
0.240513 0.658974 0
0.240513 0.683333 0
0.240513 0.707692 0
0.240513 0.732051 0
0.240513 0.75641 0
0.240513 0.780769 0
0.240513 0.805128 0
0.240513 0.829487 0
0.240513 0.853846 0
0.240513 0.878205 0
0.240513 0.902564 0
0.240513 0.926923 0
0.240513 0.951282 0
0.240513 0.975641 0
0.240513 1 0

0.247949 0.05 0
0.247949 0.074359 0
0.247949 0.0987179 0
0.247949 0.123077 0
0.247949 0.147436 0
0.247949 0.171795 0
0.247949 0.196154 0
0.247949 0.220513 0
0.247949 0.244872 0
0.247949 0.269231 0
0.247949 0.29359 0
0.247949 0.317949 0
0.247949 0.342308 0
0.247949 0.366667 0
0.247949 0.391026 0
0.247949 0.415385 0
0.247949 0.439744 0
0.247949 0.464103 0
0.247949 0.488462 0
0.247949 0.512821 0
0.247949 0.537179 0
0.247949 0.561538 0
0.247949 0.585897 0
0.247949 0.610256 0
0.247949 0.634615 0
0.247949 0.658974 0
0.247949 0.683333 0
0.247949 0.707692 0
0.247949 0.732051 0
0.247949 0.75641 0
0.247949 0.780769 0
0.247949 0.805128 0
0.247949 0.829487 0
0.247949 0.853846 0
0.247949 0.878205 0
0.247949 0.902564 0
0.247949 0.926923 0
0.247949 0.951282 0
0.247949 0.975641 0
0.247949 1 0

0.255385 0.05 0
0.255385 0.074359 0
0.255385 0.0987179 0
0.255385 0.123077 0
0.255385 0.147436 0
0.255385 0.171795 0
0.255385 0.196154 0
0.255385 0.220513 0
0.255385 0.244872 0
0.255385 0.269231 0
0.255385 0.29359 0
0.255385 0.317949 0
0.255385 0.342308 0
0.255385 0.366667 0
0.255385 0.391026 0
0.255385 0.415385 0
0.255385 0.439744 0
0.255385 0.464103 0
0.255385 0.488462 0
0.255385 0.512821 0
0.255385 0.537179 0
0.255385 0.561538 0
0.255385 0.585897 0
0.255385 0.610256 0
0.255385 0.634615 0
0.255385 0.658974 0
0.255385 0.683333 0
0.255385 0.707692 0
0.255385 0.732051 0
0.255385 0.75641 0
0.255385 0.780769 0
0.255385 0.805128 0
0.255385 0.829487 0
0.255385 0.853846 0
0.255385 0.878205 0
0.255385 0.902564 0
0.255385 0.926923 0
0.255385 0.951282 0
0.255385 0.975641 0
0.255385 1 0

0.262821 0.05 0
0.262821 0.074359 0
0.262821 0.0987179 0
0.262821 0.123077 0
0.262821 0.147436 0
0.262821 0.171795 0
0.262821 0.196154 0
0.262821 0.220513 0
0.262821 0.244872 0
0.262821 0.269231 0
0.262821 0.29359 0
0.262821 0.317949 0
0.262821 0.342308 0
0.262821 0.366667 0
0.262821 0.391026 0
0.262821 0.415385 0
0.262821 0.439744 0
0.262821 0.464103 0
0.262821 0.488462 0
0.262821 0.512821 0
0.262821 0.537179 0
0.262821 0.561538 0
0.262821 0.585897 0
0.262821 0.610256 0
0.262821 0.634615 0
0.262821 0.658974 0
0.262821 0.683333 0
0.262821 0.707692 0
0.262821 0.732051 0
0.262821 0.75641 0
0.262821 0.780769 0
0.262821 0.805128 0
0.262821 0.829487 0
0.262821 0.853846 0
0.262821 0.878205 0
0.262821 0.902564 0
0.262821 0.926923 0
0.262821 0.951282 0
0.262821 0.975641 0
0.262821 1 0

0.270256 0.05 0
0.270256 0.074359 0
0.270256 0.0987179 0
0.270256 0.123077 0
0.270256 0.147436 0
0.270256 0.171795 0
0.270256 0.196154 0
0.270256 0.220513 0
0.270256 0.244872 0
0.270256 0.269231 0
0.270256 0.29359 0
0.270256 0.317949 0
0.270256 0.342308 0
0.270256 0.366667 0
0.270256 0.391026 0
0.270256 0.415385 0
0.270256 0.439744 0
0.270256 0.464103 0
0.270256 0.488462 0
0.270256 0.512821 0
0.270256 0.537179 0
0.270256 0.561538 0
0.270256 0.585897 0
0.270256 0.610256 0
0.270256 0.634615 0
0.270256 0.658974 0
0.270256 0.683333 0
0.270256 0.707692 0
0.270256 0.732051 0
0.270256 0.75641 0
0.270256 0.780769 0
0.270256 0.805128 0
0.270256 0.829487 0
0.270256 0.853846 0
0.270256 0.878205 0
0.270256 0.902564 0
0.270256 0.926923 0
0.270256 0.951282 0
0.270256 0.975641 0
0.270256 1 0

0.277692 0.05 0
0.277692 0.074359 0
0.277692 0.0987179 0
0.277692 0.123077 0
0.277692 0.147436 0
0.277692 0.171795 0
0.277692 0.196154 0
0.277692 0.220513 0
0.277692 0.244872 0
0.277692 0.269231 0
0.277692 0.29359 0
0.277692 0.317949 0
0.277692 0.342308 0
0.277692 0.366667 0
0.277692 0.391026 0
0.277692 0.415385 0
0.277692 0.439744 0
0.277692 0.464103 0
0.277692 0.488462 0
0.277692 0.512821 0
0.277692 0.537179 0
0.277692 0.561538 0
0.277692 0.585897 0
0.277692 0.610256 0
0.277692 0.634615 0
0.277692 0.658974 0
0.277692 0.683333 0
0.277692 0.707692 0
0.277692 0.732051 0
0.277692 0.75641 0
0.277692 0.780769 0
0.277692 0.805128 0
0.277692 0.829487 0
0.277692 0.853846 0
0.277692 0.878205 0
0.277692 0.902564 0
0.277692 0.926923 0
0.277692 0.951282 0
0.277692 0.975641 0
0.277692 1 0

0.285128 0.05 0
0.285128 0.074359 0
0.285128 0.0987179 0
0.285128 0.123077 0
0.285128 0.147436 0
0.285128 0.171795 0
0.285128 0.196154 0
0.285128 0.220513 0
0.285128 0.244872 0
0.285128 0.269231 0
0.285128 0.29359 0
0.285128 0.317949 0
0.285128 0.342308 0
0.285128 0.366667 0
0.285128 0.391026 0
0.285128 0.415385 0
0.285128 0.439744 0
0.285128 0.464103 0
0.285128 0.488462 0
0.285128 0.512821 0
0.285128 0.537179 0
0.285128 0.561538 0
0.285128 0.585897 0
0.285128 0.610256 0
0.285128 0.634615 0
0.285128 0.658974 0
0.285128 0.683333 0
0.285128 0.707692 0
0.285128 0.732051 0
0.285128 0.75641 0
0.285128 0.780769 0
0.285128 0.805128 0
0.285128 0.829487 0
0.285128 0.853846 0
0.285128 0.878205 0
0.285128 0.902564 0
0.285128 0.926923 0
0.285128 0.951282 0
0.285128 0.975641 0
0.285128 1 0

0.292564 0.05 0
0.292564 0.074359 0
0.292564 0.0987179 0
0.292564 0.123077 0
0.292564 0.147436 0
0.292564 0.171795 0
0.292564 0.196154 0
0.292564 0.220513 0
0.292564 0.244872 0
0.292564 0.269231 0
0.292564 0.29359 0
0.292564 0.317949 0
0.292564 0.342308 0
0.292564 0.366667 0
0.292564 0.391026 0
0.292564 0.415385 0
0.292564 0.439744 0
0.292564 0.464103 0
0.292564 0.488462 0
0.292564 0.512821 0
0.292564 0.537179 0
0.292564 0.561538 0
0.292564 0.585897 0
0.292564 0.610256 0
0.292564 0.634615 0
0.292564 0.658974 0
0.292564 0.683333 0
0.292564 0.707692 0
0.292564 0.732051 0
0.292564 0.75641 0
0.292564 0.780769 0
0.292564 0.805128 0
0.292564 0.829487 0
0.292564 0.853846 0
0.292564 0.878205 0
0.292564 0.902564 0
0.292564 0.926923 0
0.292564 0.951282 0
0.292564 0.975641 0
0.292564 1 0

0.3 0.05 0
0.3 0.074359 0
0.3 0.0987179 0
0.3 0.123077 0
0.3 0.147436 0
0.3 0.171795 0
0.3 0.196154 0
0.3 0.220513 0
0.3 0.244872 0
0.3 0.269231 0
0.3 0.29359 0
0.3 0.317949 0
0.3 0.342308 0
0.3 0.366667 0
0.3 0.391026 0
0.3 0.415385 0
0.3 0.439744 0
0.3 0.464103 0
0.3 0.488462 0
0.3 0.512821 0
0.3 0.537179 0
0.3 0.561538 0
0.3 0.585897 0
0.3 0.610256 0
0.3 0.634615 0
0.3 0.658974 0
0.3 0.683333 0
0.3 0.707692 0
0.3 0.732051 0
0.3 0.75641 0
0.3 0.780769 0
0.3 0.805128 0
0.3 0.829487 0
0.3 0.853846 0
0.3 0.878205 0
0.3 0.902564 0
0.3 0.926923 0
0.3 0.951282 0
0.3 0.975641 0
0.3 1 0

