lead cdf
3.6247739 0.0009765625
11.23268 0.0029296875
12.018264 0.0048828125
14.493465 0.0068359375
15.241744 0.0087890625
15.533578 0.010742188
15.890294 0.012695312
16.256645 0.014648438
17.75748 0.016601562
17.979659 0.018554688
18.152071 0.020507812
18.758168 0.022460938
19.158948 0.024414062
19.698147 0.026367188
20.389463 0.028320312
20.886553 0.030273438
21.903857 0.032226562
22.023369 0.034179688
22.395905 0.036132812
22.459807 0.038085938
22.62214 0.040039062
22.650138 0.041992188
23.983604 0.043945312
24.206733 0.045898438
24.47127 0.047851562
24.771874 0.049804688
24.942075 0.051757812
24.955705 0.053710938
25.347881 0.055664062
25.388495 0.057617188
26.359647 0.059570312
26.469582 0.061523438
26.850155 0.063476562
27.330711 0.065429688
27.504347 0.067382812
27.611217 0.069335938
28.345175 0.071289062
28.664787 0.073242188
29.364807 0.075195312
29.568126 0.077148438
30.048847 0.079101562
30.198937 0.081054688
30.371497 0.083007812
30.511562 0.084960938
31.335492 0.086914062
31.675645 0.088867188
32.174964 0.090820312
32.246428 0.092773438
32.462523 0.094726562
32.504094 0.096679688
33.030931 0.098632812
33.270394 0.10058594
33.473726 0.10253906
33.774993 0.10449219
33.9852 0.10644531
34.024799 0.10839844
34.110847 0.11035156
34.198449 0.11230469
34.230146 0.11425781
34.264706 0.11621094
34.291223 0.11816406
34.311074 0.12011719
34.641764 0.12207031
34.820108 0.12402344
34.88963 0.12597656
35.002361 0.12792969
35.362308 0.12988281
35.565855 0.13183594
35.621943 0.13378906
35.934161 0.13574219
36.020663 0.13769531
36.606358 0.13964844
36.91611 0.14160156
37.167847 0.14355469
37.406798 0.14550781
37.657108 0.14746094
37.881031 0.14941406
38.075319 0.15136719
38.215947 0.15332031
38.621946 0.15527344
39.164556 0.15722656
39.373599 0.15917969
39.431387 0.16113281
39.635219 0.16308594
39.73155 0.16503906
39.786187 0.16699219
40.36781 0.16894531
40.636834 0.17089844
41.324038 0.17285156
41.438317 0.17480469
41.635213 0.17675781
42.119926 0.17871094
42.2724 0.18066406
42.42956 0.18261719
42.581393 0.18457031
42.751364 0.18652344
43.10656 0.18847656
43.321159 0.19042969
43.577476 0.19238281
43.915229 0.19433594
44.121002 0.19628906
44.701687 0.19824219
44.773488 0.20019531
45.049959 0.20214844
45.127859 0.20410156
45.195121 0.20605469
45.308054 0.20800781
45.979413 0.20996094
46.351061 0.21191406
46.466306 0.21386719
46.699551 0.21582031
46.931004 0.21777344
46.971533 0.21972656
47.228148 0.22167969
47.374115 0.22363281
47.556703 0.22558594
48.014032 0.22753906
48.164333 0.22949219
48.327199 0.23144531
48.701701 0.23339844
48.946565 0.23535156
49.123901 0.23730469
49.466023 0.23925781
49.54572 0.24121094
49.683767 0.24316406
49.848638 0.24511719
49.98501 0.24707031
50.340884 0.24902344
50.723013 0.25097656
50.816227 0.25292969
51.037203 0.25488281
51.181605 0.25683594
51.677026 0.25878906
51.92353 0.26074219
52.014695 0.26269531
52.06719 0.26464844
52.124781 0.26660156
52.433949 0.26855469
52.46768 0.27050781
52.734242 0.27246094
52.872284 0.27441406
52.984411 0.27636719
53.117231 0.27832031
53.175428 0.28027344
53.304309 0.28222656
53.606868 0.28417969
53.788498 0.28613281
54.034752 0.28808594
54.656801 0.29003906
54.668547 0.29199219
55.310953 0.29394531
55.372721 0.29589844
55.522167 0.29785156
56.053295 0.29980469
56.238826 0.30175781
56.412206 0.30371094
56.643777 0.30566406
56.704772 0.30761719
56.967963 0.30957031
57.441959 0.31152344
57.660604 0.31347656
57.957325 0.31542969
57.982837 0.31738281
58.134522 0.31933594
58.403412 0.32128906
58.545928 0.32324219
58.766282 0.32519531
58.980744 0.32714844
59.117135 0.32910156
59.239372 0.33105469
59.321925 0.33300781
59.379604 0.33496094
59.845432 0.33691406
59.904451 0.33886719
60.084216 0.34082031
60.294752 0.34277344
60.435102 0.34472656
60.843885 0.34667969
61.036931 0.34863281
61.100423 0.35058594
61.122378 0.35253906
61.324864 0.35449219
61.533529 0.35644531
61.597724 0.35839844
61.94197 0.36035156
62.091037 0.36230469
62.249056 0.36425781
62.689588 0.36621094
62.863138 0.36816406
63.194916 0.37011719
63.405167 0.37207031
63.510882 0.37402344
63.757224 0.37597656
63.803743 0.37792969
64.04352 0.37988281
64.333684 0.38183594
64.376925 0.38378906
64.869938 0.38574219
65.077339 0.38769531
65.167184 0.38964844
65.332923 0.39160156
65.661212 0.39355469
65.923961 0.39550781
66.085195 0.39746094
66.163809 0.39941406
66.250926 0.40136719
66.363084 0.40332031
66.614243 0.40527344
66.831519 0.40722656
66.902494 0.40917969
67.012509 0.41113281
67.062934 0.41308594
67.188379 0.41503906
67.331708 0.41699219
67.39924 0.41894531
67.425175 0.42089844
67.629859 0.42285156
67.951218 0.42480469
68.0188 0.42675781
68.237077 0.42871094
68.532968 0.43066406
68.622789 0.43261719
68.692771 0.43457031
68.950442 0.43652344
69.243982 0.43847656
69.585925 0.44042969
69.765705 0.44238281
70.266009 0.44433594
70.318492 0.44628906
70.587331 0.44824219
70.782515 0.45019531
70.985103 0.45214844
71.146399 0.45410156
71.52902 0.45605469
71.90515 0.45800781
71.973515 0.45996094
72.349588 0.46191406
72.621653 0.46386719
72.780507 0.46582031
72.842911 0.46777344
73.115407 0.46972656
73.430851 0.47167969
73.683347 0.47363281
73.841693 0.47558594
74.012463 0.47753906
74.37177 0.47949219
74.682812 0.48144531
74.755859 0.48339844
75.205614 0.48535156
75.339774 0.48730469
75.560238 0.48925781
75.61447 0.49121094
75.780341 0.49316406
75.934198 0.49511719
76.349804 0.49707031
76.467323 0.49902344
76.65853 0.50097656
76.755669 0.50292969
76.93865 0.50488281
77.290381 0.50683594
77.703042 0.50878906
78.174999 0.51074219
78.375149 0.51269531
78.512663 0.51464844
78.553447 0.51660156
78.883517 0.51855469
79.12579 0.52050781
79.163886 0.52246094
79.354371 0.52441406
79.362608 0.52636719
79.766265 0.52832031
79.865721 0.53027344
79.928216 0.53222656
80.083438 0.53417969
80.191074 0.53613281
80.2219 0.53808594
80.26593 0.54003906
80.566635 0.54199219
80.615729 0.54394531
80.796564 0.54589844
80.867607 0.54785156
81.545964 0.54980469
81.707896 0.55175781
81.85097 0.55371094
82.270232 0.55566406
82.589592 0.55761719
82.733147 0.55957031
82.902967 0.56152344
83.115571 0.56347656
83.197029 0.56542969
83.513093 0.56738281
83.786585 0.56933594
84.07145 0.57128906
84.299175 0.57324219
85.034681 0.57519531
85.139408 0.57714844
85.577415 0.57910156
85.691064 0.58105469
85.858778 0.58300781
85.932938 0.58496094
86.195769 0.58691406
86.29966 0.58886719
87.056737 0.59082031
87.517508 0.59277344
87.565792 0.59472656
87.63847 0.59667969
87.963082 0.59863281
88.031338 0.60058594
88.368693 0.60253906
88.519503 0.60449219
88.725147 0.60644531
88.810127 0.60839844
88.998022 0.61035156
89.052399 0.61230469
89.106783 0.61425781
89.294274 0.61621094
89.370807 0.61816406
89.549619 0.62011719
89.861923 0.62207031
90.184763 0.62402344
90.435147 0.62597656
90.997648 0.62792969
91.347628 0.62988281
91.542529 0.63183594
91.580601 0.63378906
91.710157 0.63574219
91.949821 0.63769531
92.049268 0.63964844
92.324275 0.64160156
92.459539 0.64355469
92.555043 0.64550781
93.025435 0.64746094
93.076597 0.64941406
93.18715 0.65136719
93.822292 0.65332031
93.982752 0.65527344
94.104223 0.65722656
94.242822 0.65917969
94.308354 0.66113281
94.418312 0.66308594
94.673557 0.66503906
95.04434 0.66699219
95.337214 0.66894531
95.341455 0.67089844
95.471453 0.67285156
95.723547 0.67480469
95.848168 0.67675781
95.941995 0.67871094
96.304112 0.68066406
96.569851 0.68261719
96.62235 0.68457031
97.354156 0.68652344
97.562697 0.68847656
98.215199 0.69042969
98.445795 0.69238281
99.057188 0.69433594
99.130324 0.69628906
99.517178 0.69824219
99.693535 0.70019531
99.899061 0.70214844
100.25933 0.70410156
100.28412 0.70605469
100.44326 0.70800781
100.7944 0.70996094
101.27096 0.71191406
101.27871 0.71386719
101.69357 0.71582031
101.7816 0.71777344
101.93292 0.71972656
102.42049 0.72167969
102.80527 0.72363281
103.40771 0.72558594
103.67707 0.72753906
103.80704 0.72949219
104.07732 0.73144531
104.49538 0.73339844
104.89057 0.73535156
105.12689 0.73730469
105.62152 0.73925781
105.72213 0.74121094
106.0837 0.74316406
106.33465 0.74511719
106.54716 0.74707031
106.76057 0.74902344
106.90097 0.75097656
107.09258 0.75292969
107.10476 0.75488281
107.21633 0.75683594
107.36359 0.75878906
108.04983 0.76074219
108.39318 0.76269531
108.74982 0.76464844
109.00181 0.76660156
109.62559 0.76855469
109.78905 0.77050781
109.86555 0.77246094
110.23643 0.77441406
110.61575 0.77636719
111.01334 0.77832031
111.07733 0.78027344
111.42679 0.78222656
111.74576 0.78417969
111.87558 0.78613281
112.51746 0.78808594
112.90666 0.79003906
113.33644 0.79199219
113.49157 0.79394531
113.71105 0.79589844
113.97715 0.79785156
114.0279 0.79980469
114.82568 0.80175781
115.21252 0.80371094
116.18473 0.80566406
116.44678 0.80761719
116.59249 0.80957031
117.15334 0.81152344
117.54036 0.81347656
117.85743 0.81542969
117.92425 0.81738281
118.28039 0.81933594
118.44047 0.82128906
118.75141 0.82324219
118.91888 0.82519531
119.17412 0.82714844
119.39838 0.82910156
119.769 0.83105469
120.13399 0.83300781
121.63957 0.83496094
121.8081 0.83691406
122.23049 0.83886719
122.60127 0.84082031
123.4952 0.84277344
124.6334 0.84472656
124.85223 0.84667969
125.02479 0.84863281
125.55573 0.85058594
126.11684 0.85253906
127.02713 0.85449219
127.87516 0.85644531
128.29735 0.85839844
128.5435 0.86035156
129.24135 0.86230469
130.09519 0.86425781
130.42453 0.86621094
131.68042 0.86816406
132.50369 0.87011719
132.93151 0.87207031
133.23556 0.87402344
133.83433 0.87597656
134.18294 0.87792969
135.03624 0.87988281
135.33029 0.88183594
136.44594 0.88378906
136.8025 0.88574219
137.06764 0.88769531
137.66698 0.88964844
138.06141 0.89160156
138.63828 0.89355469
139.50295 0.89550781
139.73059 0.89746094
139.87803 0.89941406
140.01558 0.90136719
140.6552 0.90332031
141.61484 0.90527344
141.92351 0.90722656
142.02272 0.90917969
143.20347 0.91113281
143.29939 0.91308594
143.83398 0.91503906
144.42571 0.91699219
146.24972 0.91894531
146.44957 0.92089844
147.23776 0.92285156
147.97814 0.92480469
148.29567 0.92675781
149.05777 0.92871094
149.90106 0.93066406
150.85735 0.93261719
151.64136 0.93457031
151.96608 0.93652344
153.27916 0.93847656
153.81602 0.94042969
154.38499 0.94238281
154.68823 0.94433594
155.06853 0.94628906
156.48641 0.94824219
157.84247 0.95019531
158.43006 0.95214844
160.49919 0.95410156
161.07895 0.95605469
161.35115 0.95800781
162.30889 0.95996094
164.00167 0.96191406
165.98225 0.96386719
166.73479 0.96582031
169.36361 0.96777344
170.72032 0.96972656
172.47564 0.97167969
174.34327 0.97363281
175.84428 0.97558594
177.01835 0.97753906
177.44207 0.97949219
178.71474 0.98144531
180.10335 0.98339844
181.00777 0.98535156
182.49835 0.98730469
189.45509 0.98925781
191.38601 0.99121094
193.90771 0.99316406
195.52925 0.99511719
198.69634 0.99707031
215.8812 0.99902344
