z T3p0 th3p0 T3p5 th3p5 T4p0 th4p0 T4p5 th4p5 T5p0 th5p0 T6p0 th6p0
0.125 16.824752 0.065298937 77.708428 0.005 146.04445 0.005 271.47768 0.005001248 303.95912 0.005 359.18531 0.005
0.375 13.758022 0.079400606 73.015017 0.095384181 135.88048 0.095663202 215.5827 0.0054846522 256.1899 0.005 309.87464 0.005
0.625 12.954351 0.098966308 70.375835 0.12933551 130.70221 0.13300311 165.34723 0.0084864052 208.66105 0.005 260.82288 0.005
0.875 12.830309 0.10724882 67.515111 0.13291345 125.65807 0.13655532 116.13189 0.005 161.3004 0.005 211.97024 0.005
1.125 12.912249 0.11276832 64.610357 0.13477962 121.21504 0.14259386 112.75343 0.077830244 114.03582 0.005 163.25694 0.005
1.375 13.057611 0.11700636 61.690689 0.13602921 117.30351 0.14873655 111.08204 0.099776093 111.13898 0.070766861 114.6232 0.005
1.625 13.221748 0.12048678 58.780146 0.1369344 113.88258 0.15474939 109.48125 0.1070239 109.64557 0.10700488 111.64858 0.070814357
1.875 13.390618 0.12346109 55.90192 0.13763471 110.90491 0.16051484 108.01087 0.11541743 108.17416 0.11420089 110.11228 0.10833548
2.125 13.559826 0.12607118 53.078493 0.13822384 108.31529 0.16592451 106.66422 0.12392964 106.83335 0.12333988 108.60448 0.11432028
2.375 13.728023 0.12840557 50.331146 0.13876708 106.05122 0.17087079 105.43606 0.1324026 105.61421 0.13218391 107.24585 0.12223078
2.625 13.894808 0.13052339 47.679293 0.13930877 104.04344 0.17524585 104.31809 0.14068372 104.51273 0.14052557 106.02456 0.13009154
2.875 14.060072 0.13246615 45.139809 0.13987721 102.21638 0.17893777 103.29823 0.14863865 103.52061 0.14828789 104.93463 0.13767139
3.125 14.223792 0.13426419 42.726486 0.14048831 100.48811 0.18181541 102.35989 0.15614685 102.6247 0.15542515 103.96758 0.14487654
3.375 14.385962 0.13594032 40.449702 0.14114868 98.765836 0.18365864 101.48131 0.16308756 101.80701 0.16190057 103.11188 0.15164774
3.625 14.546583 0.13751217 38.316339 0.14185832 97.001809 0.18463324 100.6349 0.16932511 101.04475 0.1676756 102.35299 0.15794165
3.875 14.70565 0.13899366 36.329928 0.14261289 95.17795 0.18495078 99.786461 0.17469862 100.31024 0.17270161 101.6735 0.16372277
4.125 14.863157 0.14039595 34.490986 0.14340558 93.299074 0.18484723 98.905548 0.17911361 99.570577 0.17691109 101.05324 0.16895751
4.375 15.019094 0.14172817 32.797467 0.14422854 91.368378 0.18446157 97.987636 0.18271358 98.810493 0.18040492 100.46916 0.17360825
4.625 15.17345 0.14299785 31.245267 0.1450738 89.388201 0.18387812 97.027546 0.18558546 98.026673 0.18332388 99.895059 0.17762683
4.875 15.326214 0.14421135 29.828726 0.14593395 87.360507 0.18314942 96.027188 0.18784387 97.216338 0.18576122 99.307071 0.1809979
5.125 15.477371 0.145374 28.541083 0.14680242 85.287193 0.18230965 94.988281 0.18958047 96.380879 0.18780697 98.705299 0.18387513
5.375 15.626909 0.14649041 27.374878 0.14767365 83.170307 0.18138268 93.912358 0.19087286 95.521479 0.18952489 98.087514 0.18634369
5.625 15.774814 0.14756453 26.32228 0.14854306 81.012194 0.18038688 92.800772 0.19178834 94.639179 0.19096216 97.452844 0.18847129
5.875 15.921072 0.14859981 25.375337 0.14940701 78.815624 0.17933801 91.654697 0.19238564 93.734916 0.19215507 96.802116 0.19031724
6.125 16.065669 0.14959928 24.526178 0.15026266 76.583886 0.1782508 90.475139 0.19271579 92.809553 0.19313245 96.13604 0.1919254
6.375 16.208595 0.15056559 23.767148 0.15110786 74.32088 0.17713979 89.262964 0.19282273 91.863894 0.19391794 95.455235 0.19332913
6.625 16.349834 0.1515011 23.090906 0.15194104 72.031191 0.17601972 88.018921 0.19274393 90.898698 0.19453141 94.760254 0.19455444
6.875 16.489378 0.15240794 22.490487 0.15276108 69.720155 0.17490558 86.743681 0.19251102 89.914686 0.19499 94.0516 0.19562207
7.125 16.627213 0.15328798 21.959336 0.15356724 67.393906 0.17381251 85.437874 0.19215048 88.912551 0.19530874 93.329736 0.19654884
7.375 16.76333 0.15414293 21.491325 0.15435906 65.059395 0.17275551 84.102125 0.19168445 87.892958 0.19550109 92.595095 0.19734866
7.625 16.897719 0.15497433 21.080754 0.15513633 62.724373 0.17174912 82.737093 0.19113139 86.856553 0.19557925 91.848089 0.19803318
7.875 17.030373 0.15578356 20.722344 0.15589899 60.39734 0.17080692 81.343508 0.19050682 85.803964 0.19555444 91.08911 0.19861234
8.125 17.161282 0.1565719 20.411218 0.15664711 58.08743 0.16994111 79.922201 0.18982395 84.735805 0.19543703 90.318534 0.19909472
8.375 17.29044 0.15734051 20.142886 0.15738088 55.804259 0.16916203 78.474138 0.18909417 83.652682 0.1952367 89.53673 0.19948783
8.625 17.41784 0.15809044 19.913223 0.15810054 53.557716 0.16847776 77.000443 0.18832755 82.555192 0.19496253 88.744056 0.19979836
8.875 17.543478 0.15882267 19.718446 0.15880639 51.357711 0.1678938 75.502429 0.18753316 81.443934 0.19462304 87.940863 0.20003228
9.125 17.667349 0.1595381 19.555089 0.15949877 49.213908 0.16741296 73.981615 0.18671935 80.319509 0.19422628 87.127498 0.20019505
9.375 17.789449 0.16023755 19.419986 0.16017803 47.135442 0.16703534 72.439748 0.18589397 79.182527 0.19377982 86.304306 0.20029166
9.625 17.909776 0.16092179 19.310243 0.16084453 45.130657 0.16675852 70.878816 0.18506449 78.033611 0.1932908 85.471627 0.20032677
9.875 18.028327 0.16159152 19.223224 0.16149866 43.206875 0.16657791 69.30106 0.18423809 76.873402 0.19276596 84.629802 0.20030475
10.125 18.145101 0.1622474 19.156525 0.16214079 41.370225 0.16648721 67.70898 0.18342168 75.702569 0.19221165 83.779172 0.2002297
10.375 18.260099 0.16289005 19.10796 0.16277129 39.625524 0.16647884 66.10534 0.18262192 74.52181 0.19163383 82.920077 0.20010558
10.625 18.37332 0.16352003 19.075544 0.16339051 37.976235 0.16654452 64.493157 0.18184519 73.331858 0.19103812 82.052861 0.19993615
10.875 18.484765 0.16413787 19.057472 0.16399883 36.424472 0.16667566 62.875692 0.18109751 72.133492 0.19042981 81.177867 0.19972505
11.125 18.594437 0.16474407 19.052109 0.16459658 34.971073 0.16686376 61.256434 0.18038449 70.927534 0.18981384 80.295444 0.19947581
11.375 18.702338 0.1653391 19.057976 0.1651841 33.615702 0.16710071 59.639069 0.17971125 69.714861 0.18919488 79.405944 0.19919186
11.625 18.808472 0.16592339 19.073732 0.16576171 32.356984 0.16737899 58.027448 0.17908234 68.496405 0.1885773 78.509726 0.19887656
11.875 18.912843 0.16649735 19.098168 0.16632972 31.192656 0.16769178 56.425543 0.17850168 67.273159 0.18796518 77.607152 0.19853316
12.125 19.015455 0.16706137 19.130192 0.16688843 30.119718 0.168033 54.837403 0.17797246 66.046176 0.18736235 76.698593 0.19816487
12.375 19.116314 0.1676158 19.16882 0.16743813 29.134589 0.16839735 53.267096 0.17749712 64.816578 0.18677237 75.784427 0.19777478
12.625 19.215426 0.16816099 19.213168 0.16797909 28.233246 0.16878026 51.718652 0.17707731 63.58555 0.18619854 74.865041 0.19736596
12.875 19.312798 0.16869727 19.262438 0.16851159 27.411354 0.16917781 50.19601 0.1767139 62.35434 0.18564391 73.940832 0.19694136
13.125 19.408437 0.16922492 19.315917 0.16903586 26.66438 0.16958669 48.702953 0.17640695 61.124263 0.18511127 73.01221 0.19650385
13.375 19.50235 0.16974425 19.372964 0.16955216 25.987691 0.17000413 47.243056 0.17615582 59.896692 0.18460312 72.079594 0.19605624
13.625 19.594547 0.17025552 19.433006 0.17006072 25.376634 0.17042781 45.819637 0.17595918 58.673053 0.18412173 71.143419 0.19560123
13.875 19.685036 0.17075899 19.49553 0.17056176 24.826606 0.17085581 44.435713 0.17581509 57.454827 0.18366906 70.204132 0.19514141
14.125 19.773827 0.17125491 19.560079 0.17105549 24.333109 0.17128653 43.093965 0.17572116 56.243531 0.18324679 69.262195 0.19467928
14.375 19.86093 0.1717435 19.626246 0.17154212 23.891788 0.17171866 41.796715 0.17567455 55.040719 0.18285633 68.318089 0.19421722
14.625 19.946354 0.17222499 19.693667 0.17202184 23.498465 0.17215114 40.545905 0.17567217 53.847965 0.18249877 67.372306 0.1937575
14.875 20.030112 0.17269959 19.76202 0.17249485 23.149162 0.17258308 39.343096 0.17571072 52.666857 0.18217493 66.425361 0.19330226
15.125 20.112215 0.17316749 19.83102 0.17296133 22.840116 0.17301378 38.189467 0.1757868 51.498982 0.18188531 65.477782 0.19285352
15.375 20.192674 0.17362889 19.900414 0.17342144 22.567786 0.17344264 37.085823 0.17589702 50.345913 0.18163016 64.530115 0.19241317
15.625 20.271501 0.17408397 19.969979 0.17387535 22.328857 0.1738692 36.032617 0.17603801 49.209196 0.18140943 63.582925 0.19198296
15.875 20.34871 0.1745329 20.039518 0.17432323 22.120242 0.17429309 35.029968 0.17620654 48.090339 0.18122281 62.636792 0.1915645
16.125 20.424313 0.17497584 20.108858 0.17476523 21.939074 0.17471399 34.077685 0.17639953 46.990798 0.18106976 61.692313 0.19115929
16.375 20.498324 0.17541296 20.177847 0.17520149 21.782703 0.17513168 33.175298 0.17661408 45.911961 0.1809495 60.750101 0.19076866
16.625 20.570756 0.1758444 20.246353 0.17563216 21.648688 0.17554597 32.322087 0.17684751 44.855142 0.18086107 59.810782 0.19039383
16.875 20.641623 0.17627031 20.314261 0.17605737 21.534785 0.17595671 31.517113 0.17709734 43.821567 0.18080331 58.874996 0.19003587
17.125 20.71094 0.17669083 20.38147 0.17647726 21.438938 0.17636378 30.759247 0.17736133 42.812366 0.18077495 57.943393 0.18969572
17.375 20.778721 0.17710608 20.447893 0.17689194 21.359267 0.17676712 30.047196 0.17763745 41.828563 0.18077457 57.016631 0.18937419
17.625 20.844982 0.1775162 20.513456 0.17730155 21.294059 0.17716666 29.379539 0.17792386 40.871075 0.18080067 56.095378 0.18907196
17.875 20.909736 0.17792131 20.578095 0.17770619 21.241756 0.17756236 28.754743 0.17821893 39.940701 0.18085168 55.180302 0.18878958
18.125 20.973001 0.17832153 20.641755 0.17810599 21.200941 0.17795421 28.171195 0.17852123 39.038122 0.18092601 54.272077 0.18852748
18.375 21.034791 0.17871696 20.704391 0.17850104 21.170331 0.1783422 27.627219 0.17882946 38.163899 0.18102203 53.371372 0.18828598
18.625 21.095122 0.17910772 20.765965 0.17889146 21.148764 0.17872632 27.121097 0.17914251 37.318477 0.18113814 52.478854 0.18806527
18.875 21.154011 0.1794939 20.826445 0.17927734 21.135191 0.1791066 26.651088 0.17945938 36.502179 0.18127274 51.595183 0.18786544
19.125 21.211474 0.17987562 20.885805 0.17965878 21.128666 0.17948305 26.215441 0.17977922 35.715214 0.18142428 50.721008 0.18768648
19.375 21.267526 0.18025296 20.944024 0.18003588 21.128336 0.1798557 25.812409 0.18010126 34.957682 0.18159127 49.856964 0.18752828
19.625 21.322185 0.18062602 21.001088 0.18040873 21.133433 0.18022458 25.440265 0.18042485 34.229573 0.18177227 49.00367 0.18739062
19.875 21.375468 0.18099489 21.056983 0.18077741 21.143268 0.18058972 25.097305 0.18074942 33.530778 0.18196593 48.161727 0.18727324
20.125 21.427391 0.18135965 21.111702 0.181142 21.157222 0.18095116 24.781862 0.18107448 32.861095 0.18217095 47.331712 0.18717575
20.375 21.477971 0.18172039 21.165239 0.1815026 21.174741 0.18130894 24.492311 0.1813996 32.220231 0.18238613 46.514179 0.18709772
20.625 21.527226 0.18207718 21.217592 0.18185928 21.195326 0.18166311 24.227074 0.18172441 31.607813 0.18261035 45.709653 0.18703865
20.875 21.575173 0.18243011 21.268761 0.18221211 21.218534 0.18201371 23.984626 0.18204859 31.023397 0.18284255 44.918631 0.18699798
21.125 21.621829 0.18277925 21.318749 0.18256117 21.243968 0.18236078 23.763498 0.18237187 30.466469 0.18308176 44.141576 0.18697512
21.375 21.667211 0.18312467 21.367558 0.18290653 21.271272 0.18270438 23.562278 0.18269402 29.936459 0.18332711 43.37892 0.1869694
21.625 21.711337 0.18346644 21.415196 0.18324826 21.300131 0.18304453 23.379617 0.18301484 29.432742 0.18357778 42.631059 0.18698016
21.875 21.754225 0.18380464 21.461668 0.18358643 21.330263 0.18338131 23.214225 0.18333414 28.95465 0.18383301 41.898354 0.18700669
22.125 21.795892 0.18413931 21.506982 0.1839211 21.361416 0.18371474 23.064875 0.1836518 28.501477 0.18409215 41.181129 0.18704826
22.375 21.836356 0.18447054 21.551149 0.18425233 21.393368 0.18404488 22.930402 0.18396767 28.072482 0.18435457 40.47967 0.18710413
22.625 21.875634 0.18479838 21.594178 0.18458018 21.425921 0.18437177 22.809701 0.18428166 27.666901 0.18461971 39.794225 0.18717356
22.875 21.913745 0.18512288 21.636081 0.18490472 21.4589 0.18469546 22.70173 0.18459368 27.283949 0.18488708 39.125005 0.1872558
23.125 21.950705 0.18544411 21.676868 0.18522601 21.49215 0.185016 22.605502 0.18490364 26.922824 0.18515622 38.472184 0.18735011
23.375 21.986533 0.18576213 21.716553 0.18554408 21.525533 0.18533343 22.520092 0.1852115 26.582717 0.18542672 37.835898 0.18745575
23.625 22.021246 0.18607698 21.755147 0.18585901 21.558927 0.18564779 22.444629 0.1855172 26.262811 0.18569823 37.216246 0.187572
23.875 22.054862 0.18638873 21.792664 0.18617084 21.592228 0.18595913 22.378295 0.18582069 25.962288 0.18597041 36.613293 0.18769815
24.125 22.087398 0.18669741 21.829119 0.18647962 21.62534 0.1862675 22.320326 0.18612195 25.680333 0.18624298 36.027069 0.18783353
24.375 22.118873 0.18700308 21.864523 0.1867854 21.658181 0.18657293 22.270008 0.18642095 25.416136 0.18651566 35.45757 0.18797746
24.625 22.149304 0.1873058 21.898893 0.18708824 21.69068 0.18687547 22.226674 0.18671766 25.168895 0.18678824 34.904761 0.1881293
24.875 22.178708 0.18760559 21.932241 0.18738817 21.722775 0.18717515 22.189701 0.18701207 24.937822 0.1870605 34.368576 0.18828844
25.125 22.207102 0.18790252 21.964583 0.18768524 21.754411 0.18747202 22.158514 0.18730418 24.72214 0.18733225 33.84892 0.18845428
25.375 22.234506 0.18819662 21.995933 0.18797949 21.785541 0.18776612 22.132575 0.18759397 24.521089 0.18760334 33.345671 0.18862628
25.625 22.260935 0.18848794 22.026306 0.18827097 21.816125 0.18805749 22.111387 0.18788144 24.333927 0.18787362 32.858681 0.18880389
25.875 22.286406 0.18877652 22.055717 0.18855972 21.846128 0.18834616 22.094489 0.1881666 24.15993 0.18814296 32.387778 0.18898661
26.125 22.310938 0.1890624 22.084181 0.18884578 21.875522 0.18863217 22.081456 0.18844945 23.998396 0.18841125 31.932768 0.18917396
26.375 22.334548 0.18934562 22.111712 0.18912919 21.904282 0.18891556 22.071894 0.18872998 23.848644 0.18867839 31.493437 0.18936549
26.625 22.357252 0.18962622 22.138327 0.18940998 21.932388 0.18919637 22.065441 0.18900822 23.710013 0.18894428 31.069549 0.18956078
26.875 22.379067 0.18990423 22.164039 0.1896882 21.959824 0.18947462 22.061763 0.18928416 23.581868 0.18920886 30.660856 0.18975944
27.125 22.40001 0.19017969 22.188864 0.18996387 21.986575 0.18975035 22.060554 0.18955783 23.463596 0.18947205 30.267089 0.18996108
27.375 22.420098 0.19045263 22.212817 0.19023704 22.012632 0.1900236 22.061532 0.18982922 23.354607 0.18973379 29.887968 0.19016537
27.625 22.439348 0.1907231 22.235914 0.19050773 22.037988 0.19029439 22.064439 0.19009836 23.254335 0.18999404 29.5232 0.19037198
27.875 22.457776 0.19099112 22.258167 0.19077599 22.062637 0.19056277 22.069039 0.19036526 23.16224 0.19025274 29.172482 0.19058061
28.125 22.475399 0.19125673 22.279594 0.19104184 22.086576 0.19082875 22.075116 0.19062994 23.077802 0.19050985 28.835498 0.19079098
28.375 22.492232 0.19151996 22.300208 0.19130532 22.109803 0.19109237 22.082472 0.1908924 23.000527 0.19076535 28.511929 0.19100284
28.625 22.508292 0.19178083 22.320025 0.19156645 22.132319 0.19135367 22.090927 0.19115267 22.929942 0.19101921 28.201444 0.19121594
28.875 22.523595 0.19203939 22.339059 0.19182526 22.154126 0.19161266 22.10032 0.19141076 22.865599 0.19127139 27.903711 0.19143006
29.125 22.538157 0.19229565 22.357324 0.19208179 22.175226 0.19186938 22.1105 0.19166669 22.807071 0.19152188 27.61839 0.19164499
29.375 22.551993 0.19254965 22.374836 0.19233607 22.195624 0.19212385 22.121333 0.19192048 22.753952 0.19177066 27.34514 0.19186055
29.625 22.565119 0.19280141 22.391608 0.19258811 22.215325 0.19237611 22.132697 0.19217215 22.705859 0.19201772 27.083616 0.19207657
29.875 22.57755 0.19305097 22.407656 0.19283795 22.234335 0.19262617 22.144482 0.1924217 22.662429 0.19226304 26.833475 0.19229287
30.125 22.589303 0.19329834 22.422993 0.19308561 22.252661 0.19287406 22.156589 0.19266916 22.623317 0.19250661 26.59437 0.19250932
30.375 22.600391 0.19354356 22.437633 0.19333112 22.270309 0.19311981 22.168927 0.19291456 22.588199 0.19274843 26.365957 0.19272577
30.625 22.61083 0.19378664 22.451591 0.19357451 22.287289 0.19336344 22.181416 0.19315789 22.55677 0.19298849 26.147891 0.19294211
30.875 22.620635 0.19402762 22.46488 0.19381579 22.303608 0.19360497 22.193984 0.1933992 22.528742 0.19322679 25.939833 0.19315821
31.125 22.62982 0.19426651 22.477514 0.19405499 22.319276 0.19384444 22.206566 0.19363848 22.503844 0.19346332 25.741443 0.19337398
31.375 22.6384 0.19450335 22.489508 0.19429213 22.334302 0.19408185 22.219105 0.19387576 22.481822 0.19369809 25.552387 0.19358932
31.625 22.646388 0.19473814 22.500874 0.19452724 22.348695 0.19431723 22.23155 0.19411106 22.462438 0.19393109 25.372333 0.19380413
31.875 22.6538 0.19497092 22.511625 0.19476034 22.362466 0.19455061 22.243854 0.19434439 22.445467 0.19416233 25.200955 0.19401834
32.125 22.660649 0.1952017 22.521776 0.19499144 22.375624 0.194782 22.255979 0.19457577 22.430701 0.19439181 25.037931 0.19423187
32.375 22.666949 0.19543051 22.531339 0.19522058 22.388181 0.19501143 22.267889 0.19480522 22.417945 0.19461952 24.882945 0.19444466
32.625 22.672713 0.19565737 22.540328 0.19544776 22.400145 0.19523891 22.279552 0.19503275 22.407016 0.19484549 24.735687 0.19465664
32.875 22.677955 0.19588229 22.548754 0.19567301 22.411528 0.19546446 22.290943 0.19525838 22.397743 0.1950697 24.595852 0.19486776
33.125 22.682688 0.19610529 22.556632 0.19589635 22.422341 0.1956881 22.302037 0.19548213 22.389969 0.19529217 24.463142 0.19507797
33.375 22.686926 0.19632639 22.563973 0.19611779 22.432594 0.19590986 22.312814 0.19570401 22.383545 0.1955129 24.337267 0.19528722
33.625 22.69068 0.19654562 22.57079 0.19633736 22.442298 0.19612973 22.323259 0.19592404 22.378335 0.19573189 24.217942 0.19549546
33.875 22.693964 0.19676298 22.577096 0.19655506 22.451464 0.19634776 22.333355 0.19614223 22.374213 0.19594916 24.104889 0.19570265
34.125 22.696791 0.19697849 22.582902 0.19677092 22.460102 0.19656394 22.343092 0.1963586 22.371059 0.19616471 23.997838 0.19590877
34.375 22.699172 0.19719218 22.58822 0.19698495 22.468224 0.1967783 22.352459 0.19657316 22.368765 0.19637854 23.896526 0.19611378
34.625 22.70112 0.19740405 22.593062 0.19719718 22.475839 0.19699085 22.361448 0.19678593 22.367231 0.19659067 23.800698 0.19631764
34.875 22.702646 0.19761413 22.59744 0.1974076 22.482959 0.1972016 22.370055 0.19699691 22.366362 0.1968011 23.710105 0.19652034
35.125 22.703763 0.19782242 22.601366 0.19761625 22.489594 0.19741058 22.378273 0.19720613 22.366075 0.19700983 23.624507 0.19672184
35.375 22.704481 0.19802894 22.60485 0.19782312 22.495755 0.19761779 22.386101 0.1974136 22.366288 0.19721688 23.54367 0.19692213
35.625 22.704814 0.19823371 22.607904 0.19802824 22.501452 0.19782325 22.393536 0.19761932 22.366931 0.19742225 23.467369 0.19712118
35.875 22.70477 0.19843673 22.610539 0.19823163 22.506696 0.19802697 22.400578 0.19782331 22.367936 0.19762595 23.395385 0.19731898
36.125 22.704362 0.19863803 22.612766 0.19843328 22.511497 0.19822897 22.407226 0.19802559 22.369243 0.19782799 23.327507 0.1975155
36.375 22.703601 0.19883761 22.614596 0.19863322 22.515864 0.19842926 22.413483 0.19822616 22.370794 0.19802837 23.263532 0.19771074
36.625 22.702496 0.19903548 22.616038 0.19883146 22.519809 0.19862784 22.419351 0.19842504 22.372541 0.19822711 23.203264 0.19790467
36.875 22.701059 0.19923166 22.617104 0.199028 22.523341 0.19882473 22.424832 0.19862223 22.374435 0.1984242 23.146512 0.19809729
37.125 22.6993 0.19942616 22.617804 0.19922286 22.52647 0.19901994 22.429929 0.19881775 22.376436 0.19861966 23.093096 0.19828858
37.375 22.697228 0.19961899 22.618147 0.19941605 22.529206 0.19921349 22.434647 0.1990116 22.378504 0.19881349 23.042839 0.19847854
37.625 22.694853 0.19981016 22.618144 0.19960759 22.531558 0.19940537 22.43899 0.1992038 22.380604 0.19900569 22.995574 0.19866714
37.875 22.692186 0.19999967 22.617804 0.19979747 22.533535 0.19959561 22.442963 0.19939436 22.382706 0.19919629 22.951139 0.19885439
38.125 22.689235 0.20018754 22.617136 0.19998571 22.535148 0.1997842 22.446571 0.19958328 22.384781 0.19938527 22.909379 0.19904027
38.375 22.686011 0.20037378 22.616151 0.20017231 22.536405 0.19997116 22.449819 0.19977057 22.386803 0.19957265 22.870145 0.19922478
38.625 22.682521 0.2005584 22.614857 0.20035729 22.537316 0.2001565 22.452714 0.19995623 22.388751 0.19975843 22.833295 0.1994079
38.875 22.678775 0.2007414 22.613264 0.20054066 22.537889 0.20034022 22.455261 0.20014029 22.390603 0.19994263 22.798693 0.19958964
39.125 22.674782 0.20092278 22.61138 0.20072241 22.538134 0.20052234 22.457466 0.20032274 22.392342 0.20012523 22.766207 0.19976998
39.375 22.67055 0.20110257 22.609214 0.20090256 22.538058 0.20070285 22.459337 0.20050359 22.393951 0.20030625 22.735715 0.19994892
39.625 22.666088 0.20128075 22.606775 0.20108112 22.537671 0.20088176 22.460879 0.20068284 22.395417 0.2004857 22.707096 0.20012646
39.875 22.661404 0.20145735 22.60407 0.20125808 22.536981 0.20105909 22.462098 0.20086051 22.396728 0.20066357 22.680238 0.20030258
40.125 22.656505 0.20163236 22.601109 0.20143346 22.535996 0.20123483 22.463003 0.2010366 22.397872 0.20083988 22.655032 0.20047728
40.375 22.6514 0.20180579 22.597898 0.20160726 22.534724 0.20140899 22.463598 0.2012111 22.398841 0.20101461 22.631375 0.20065056
40.625 22.646096 0.20197765 22.594447 0.20177948 22.533174 0.20158157 22.463892 0.20138403 22.399627 0.20118779 22.60917 0.20082241
40.875 22.640601 0.20214793 22.590763 0.20195013 22.531353 0.20175258 22.46389 0.2015554 22.400223 0.2013594 22.588323 0.20099283
41.125 22.634921 0.20231665 22.586853 0.20211922 22.529268 0.20192203 22.463599 0.20172519 22.400624 0.20152946 22.568745 0.20116181
41.375 22.629065 0.2024838 22.582724 0.20228674 22.526928 0.20208991 22.463027 0.20189342 22.400825 0.20169796 22.550353 0.20132935
41.625 22.623039 0.20264939 22.578385 0.20245269 22.52434 0.20225623 22.462179 0.20206009 22.400824 0.20186491 22.533066 0.20149543
41.875 22.616849 0.20281342 22.573842 0.20261709 22.521511 0.20242098 22.461064 0.2022252 22.400617 0.2020303 22.51681 0.20166007
42.125 22.610503 0.20297589 22.569101 0.20277992 22.518448 0.20258418 22.459686 0.20238875 22.400203 0.20219414 22.501511 0.20182324
42.375 22.604006 0.20313681 22.564171 0.2029412 22.515158 0.20274582 22.458053 0.20255074 22.39958 0.20235643 22.487104 0.20198495
42.625 22.597365 0.20329617 22.559056 0.20310093 22.511648 0.20290591 22.456171 0.20271118 22.398749 0.20251717 22.473522 0.20214519
42.875 22.590586 0.20345397 22.553765 0.20325909 22.507925 0.20306443 22.454047 0.20287006 22.397708 0.20267636 22.460706 0.20230396
43.125 22.583676 0.20361021 22.548303 0.2034157 22.503995 0.2032214 22.451686 0.20302738 22.39646 0.20283399 22.448599 0.20246124
43.375 22.576639 0.2037649 22.542676 0.20357075 22.499865 0.20337681 22.449097 0.20318314 22.395004 0.20299007 22.437147 0.20261703
43.625 22.569481 0.20391803 22.53689 0.20372424 22.495541 0.20353066 22.446283 0.20333734 22.393343 0.20314459 22.426298 0.20277134
43.875 22.562208 0.2040696 22.530951 0.20387617 22.49103 0.20368294 22.443252 0.20348998 22.391477 0.20329754 22.416005 0.20292414
44.125 22.554825 0.2042196 22.524865 0.20402653 22.486336 0.20383366 22.44001 0.20364105 22.38941 0.20344894 22.406222 0.20307543
44.375 22.547337 0.20436803 22.518638 0.20417532 22.481467 0.20398281 22.436563 0.20379055 22.387144 0.20359877 22.396908 0.20322521
44.625 22.539749 0.2045149 22.512274 0.20432254 22.476428 0.20413039 22.432915 0.20393848 22.384681 0.20374702 22.388023 0.20337346
44.875 22.532065 0.20466019 22.505779 0.20446819 22.471224 0.20427639 22.429074 0.20408483 22.382025 0.2038937 22.379528 0.20352018
45.125 22.524292 0.2048039 22.499158 0.20461225 22.465861 0.20442081 22.425045 0.2042296 22.379178 0.2040388 22.37139 0.20366537
45.375 22.516432 0.20494602 22.492416 0.20475473 22.460344 0.20456363 22.420833 0.20437278 22.376144 0.20418231 22.363576 0.203809
45.625 22.508491 0.20508655 22.485559 0.20489561 22.45468 0.20470487 22.416443 0.20451436 22.372927 0.20432422 22.356054 0.20395108
45.875 22.500472 0.20522548 22.47859 0.20503489 22.448871 0.2048445 22.411882 0.20465434 22.369529 0.20446454 22.348796 0.20409159
46.125 22.49238 0.2053628 22.471514 0.20517257 22.442925 0.20498253 22.407154 0.20479271 22.365954 0.20460324 22.341776 0.20423052
46.375 22.484218 0.20549851 22.464336 0.20530862 22.436845 0.20511893 22.402264 0.20492946 22.362207 0.20474032 22.334969 0.20436786
46.625 22.475991 0.20563259 22.457059 0.20544306 22.430637 0.20525371 22.397218 0.20506458 22.358291 0.20487578 22.328351 0.2045036
46.875 22.467702 0.20576504 22.449689 0.20557585 22.424304 0.20538685 22.39202 0.20519807 22.35421 0.2050096 22.321901 0.20463773
47.125 22.459354 0.20589585 22.442229 0.205707 22.417852 0.20551835 22.386676 0.20532991 22.349968 0.20514176 22.315598 0.20477023
47.375 22.450951 0.206025 22.434683 0.2058365 22.411284 0.20564818 22.381189 0.20546008 22.345568 0.20527227 22.309426 0.2049011
47.625 22.442497 0.20615248 22.427055 0.20596432 22.404606 0.20577635 22.375565 0.20558859 22.341015 0.20540111 22.303365 0.20503031
47.875 22.433993 0.20627828 22.419349 0.20609046 22.397821 0.20590283 22.369807 0.20571541 22.336313 0.20552826 22.297401 0.20515785
48.125 22.425444 0.20640239 22.411568 0.20621491 22.390933 0.20602762 22.363922 0.20584053 22.331465 0.20565371 22.291518 0.2052837
48.375 22.416853 0.20652479 22.403715 0.20633765 22.383946 0.20615069 22.357912 0.20596394 22.326476 0.20577745 22.285704 0.20540786
48.625 22.408221 0.20664547 22.395794 0.20645866 22.376865 0.20627204 22.351781 0.20608562 22.321349 0.20589945 22.279946 0.2055303
48.875 22.399552 0.20676441 22.387808 0.20657793 22.369692 0.20639164 22.345535 0.20620556 22.316089 0.20601971 22.274232 0.20565101
49.125 22.390848 0.20688159 22.37976 0.20669545 22.362431 0.20650949 22.339178 0.20632373 22.310699 0.20613821 22.268553 0.20576997
49.375 22.382112 0.206997 22.371654 0.20681118 22.355086 0.20662556 22.332712 0.20644013 22.305183 0.20625493 22.262898 0.20588715
49.625 22.373346 0.20711061 22.363492 0.20692513 22.34766 0.20673983 22.326142 0.20655472 22.299545 0.20636984 22.257259 0.20600254
49.875 22.364552 0.20722242 22.355276 0.20703726 22.340157 0.20685228 22.319472 0.2066675 22.293789 0.20648294 22.251628 0.20611611
50.125 22.355732 0.20733239 22.34701 0.20714755 22.332579 0.2069629 22.312705 0.20677843 22.287918 0.20659419 22.245999 0.20622785
50.375 22.346888 0.2074405 22.338696 0.20725598 22.324931 0.20707165 22.305844 0.20688751 22.281936 0.20670358 22.240364 0.20633772
50.625 22.338023 0.20754674 22.330336 0.20736254 22.317214 0.20717853 22.298895 0.2069947 22.275847 0.20681108 22.234719 0.20644572
50.875 22.329137 0.20765107 22.321934 0.20746719 22.309431 0.20728349 22.291859 0.20709998 22.269655 0.20691666 22.229058 0.2065518
51.125 22.320233 0.20775348 22.31349 0.20756991 22.301587 0.20738653 22.28474 0.20720332 22.263362 0.20702031 22.223377 0.20665594
51.375 22.311312 0.20785393 22.305009 0.20767068 22.293683 0.20748761 22.277542 0.20730471 22.256973 0.207122 22.217671 0.20675812
51.625 22.302376 0.2079524 22.29649 0.20776946 22.285721 0.2075867 22.270267 0.2074041 22.25049 0.20722169 22.211938 0.20685831
51.875 22.293426 0.20804887 22.287937 0.20786623 22.277705 0.20768377 22.262918 0.20750148 22.243918 0.20731936 22.206174 0.20695647
52.125 22.284463 0.20814329 22.279352 0.20796096 22.269638 0.2077788 22.2555 0.2075968 22.237259 0.20741497 22.200376 0.20705258
52.375 22.27549 0.20823565 22.270736 0.20805362 22.26152 0.20787175 22.248013 0.20769005 22.230517 0.20750851 22.194543 0.20714659
52.625 22.266506 0.2083259 22.26209 0.20814417 22.253356 0.2079626 22.240463 0.20778118 22.223695 0.20759992 22.188674 0.20723849
52.875 22.257513 0.20841401 22.253418 0.20823257 22.245147 0.2080513 22.23285 0.20787017 22.216797 0.20768918 22.182766 0.20732822
53.125 22.248512 0.20849995 22.24472 0.20831881 22.236895 0.20813782 22.225178 0.20795696 22.209824 0.20777625 22.176818 0.20741576
53.375 22.239504 0.20858368 22.235998 0.20840283 22.228602 0.20822212 22.21745 0.20804154 22.202781 0.2078611 22.17083 0.20750106
53.625 22.23049 0.20866517 22.227254 0.20848459 22.220271 0.20830416 22.209668 0.20812386 22.195671 0.20794367 22.164801 0.20758408
53.875 22.221471 0.20874436 22.218488 0.20856407 22.211903 0.20838391 22.201835 0.20820387 22.188496 0.20802394 22.158732 0.20766479
54.125 22.212447 0.20882123 22.209703 0.20864121 22.2035 0.20846132 22.193953 0.20828154 22.18126 0.20810186 22.152621 0.20774313
54.375 22.203419 0.20889572 22.200899 0.20871597 22.195065 0.20853634 22.186025 0.20835681 22.173965 0.20817737 22.14647 0.20781906
54.625 22.194387 0.20896779 22.192077 0.20878831 22.186599 0.20860894 22.178053 0.20842965 22.166613 0.20825045 22.140279 0.20789254
54.875 22.185353 0.2090374 22.18324 0.20885817 22.178104 0.20867905 22.170039 0.20850001 22.159209 0.20832103 22.134049 0.2079635
55.125 22.176317 0.20910449 22.174387 0.20892552 22.169581 0.20874664 22.161986 0.20856783 22.151755 0.20838907 22.12778 0.20803191
55.375 22.167278 0.20916901 22.165521 0.20899029 22.161032 0.20881165 22.153895 0.20863307 22.144252 0.20845452 22.121473 0.2080977
55.625 22.158238 0.20923092 22.156641 0.20905244 22.152459 0.20887403 22.14577 0.20869566 22.136705 0.20851731 22.11513 0.20816082
55.875 22.149197 0.20929015 22.14775 0.2091119 22.143864 0.20893371 22.137611 0.20875555 22.129116 0.20857739 22.108752 0.20822121
56.125 22.140156 0.20934664 22.138847 0.20916863 22.135247 0.20899065 22.129422 0.20881268 22.121487 0.2086347 22.10234 0.2082788
56.375 22.131113 0.20940035 22.129935 0.20922255 22.126611 0.20904478 22.121204 0.208867 22.11382 0.20868919 22.095896 0.20833355
56.625 22.122071 0.20945119 22.121012 0.20927361 22.117957 0.20909603 22.11296 0.20891843 22.10612 0.20874077 22.089421 0.20838536
56.875 22.113028 0.20949912 22.112082 0.20932174 22.109285 0.20914435 22.10469 0.20896691 22.098387 0.20878939 22.082917 0.20843419
57.125 22.103985 0.20954406 22.103143 0.20936687 22.100599 0.20918965 22.096398 0.20901236 22.090624 0.20883497 22.076387 0.20847995
57.375 22.094942 0.20958594 22.094197 0.20940894 22.091898 0.20923187 22.088085 0.20905472 22.082834 0.20887745 22.069831 0.20852256
57.625 22.085899 0.20962469 22.085245 0.20944786 22.083184 0.20927094 22.079753 0.20909391 22.07502 0.20891674 22.063252 0.20856196
57.875 22.076857 0.20966024 22.076287 0.20948356 22.074459 0.20930678 22.071404 0.20912985 22.067183 0.20895276 22.056652 0.20859806
58.125 22.067814 0.20969249 22.067324 0.20951596 22.065723 0.2093393 22.06304 0.20916246 22.059326 0.20898543 22.050032 0.20863076
58.375 22.058772 0.20972138 22.058357 0.20954497 22.056978 0.20936841 22.054662 0.20919165 22.051451 0.20901466 22.043396 0.20865999
58.625 22.04973 0.2097468 22.049386 0.20957052 22.048226 0.20939404 22.046272 0.20921734 22.043562 0.20904037 22.036745 0.20868565
58.875 22.040688 0.20976869 22.040411 0.2095925 22.039467 0.20941609 22.037873 0.20923942 22.035659 0.20906245 22.030082 0.20870764
59.125 22.031646 0.20978693 22.031434 0.20961083 22.030702 0.20943447 22.029465 0.20925781 22.027746 0.20908081 22.023408 0.20872586
59.375 22.022605 0.20980144 22.022454 0.2096254 22.021933 0.20944906 22.021051 0.20927239 22.019825 0.20909535 22.016726 0.2087402
59.625 22.013563 0.2098121 22.013473 0.20963611 22.013161 0.20945978 22.012633 0.20928307 22.011897 0.20910595 22.010038 0.20875056
59.875 22.004521 0.20981883 22.004491 0.20964285 22.004387 0.2094665 22.004211 0.20928973 22.003966 0.20911251 22.003346 0.20875683
