t Tsurf Tprobe theta lnR dTdt dlnR
0 14.928932 19.720946 0.1508583 7.654459 -0.26513015 0.00073622114
0.0097222222 14.910957 19.705559 0.1508537 7.6548919 -0.26590544 0.0007360366
0.019444444 14.893028 19.690196 0.1508491 7.6553206 -0.26671884 0.00073581174
0.029166667 14.875145 19.674853 0.1508445 7.6557494 -0.26753652 0.00073554633
0.038888889 14.857309 19.659512 0.15083991 7.6561784 -0.26833362 0.00073524182
0.048611111 14.839518 19.644135 0.15083532 7.6566077 -0.26909303 0.0007349005
0.058333333 14.821774 19.628677 0.15083072 7.6570369 -0.26980377 0.00073452509
0.068055556 14.804077 19.613108 0.15082612 7.6574661 -0.27045948 0.00073411839
0.077777778 14.786426 19.59741 0.15082151 7.6578951 -0.27105713 0.00073368321
0.0875 14.768821 19.581582 0.15081689 7.6583238 -0.27178852 0.00073284461
0.097222222 14.751264 19.565633 0.15081227 7.658752 -0.2727757 0.00073213238
0.10694444 14.733754 19.549576 0.15080764 7.6591798 -0.27377937 0.00073143059
0.11666667 14.71629 19.533429 0.15080301 7.659607 -0.27478423 0.00073062744
0.12638889 14.698874 19.517209 0.15079837 7.6600335 -0.27575634 0.00072971698
0.13611111 14.681505 19.500933 0.15079374 7.6604594 -0.27664879 0.00072871023
0.14583333 14.664184 19.484616 0.1507891 7.6608846 -0.2774182 0.00072762111
0.15555556 14.64691 19.468272 0.15078446 7.6613091 -0.27803587 0.00072646295
0.16527778 14.629684 19.451912 0.15077983 7.6617328 -0.27848965 0.00072524769
0.175 14.612505 19.435547 0.15077519 7.6621557 -0.27878073 0.00072398571
0.18472222 14.595374 19.419185 0.15077056 7.6625778 -0.27891893 0.00072268596
0.19444444 14.578292 19.402833 0.15076594 7.6629991 -0.2789188 0.0007213561
0.20416667 14.561257 19.386498 0.15076132 7.6634196 -0.27879677 0.00072000263
0.21388889 14.544271 19.370184 0.1507567 7.6638393 -0.27856936 0.00071863108
0.22361111 14.527333 19.353896 0.15075208 7.6642582 -0.27825217 0.00071724615
0.23333333 14.510443 19.337637 0.15074748 7.6646762 -0.27785937 0.00071585178
0.24305556 14.493602 19.32141 0.15074287 7.6650933 -0.27740352 0.0007144513
0.25277778 14.476809 19.305217 0.15073827 7.6655097 -0.27689555 0.00071304751
0.2625 14.460065 19.289061 0.15073368 7.6659252 -0.27634488 0.00071164276
0.27222222 14.44337 19.272941 0.15072909 7.6663399 -0.27575954 0.00071023901
0.28194444 14.426724 19.25686 0.15072451 7.6667538 -0.27514635 0.00070883786
0.29166667 14.410127 19.240819 0.15071993 7.6671668 -0.27451108 0.00070744067
0.30138889 14.393579 19.224818 0.15071536 7.667579 -0.27385856 0.00070604852
0.31111111 14.377081 19.208857 0.15071079 7.6679904 -0.27319286 0.00070466232
0.32083333 14.360632 19.192937 0.15070623 7.668401 -0.27251738 0.00070328277
0.33055556 14.344232 19.177058 0.15070168 7.6688108 -0.27183494 0.00070191043
0.34027778 14.327882 19.16122 0.15069713 7.6692198 -0.27114791 0.00070054575
0.35 14.311582 19.145424 0.15069258 7.669628 -0.27045823 0.00069918904
0.35972222 14.295331 19.129668 0.15068804 7.6700354 -0.26976753 0.00069784055
0.36944444 14.279131 19.113954 0.15068351 7.670442 -0.26907713 0.00069650043
0.37916667 14.26298 19.09828 0.15067898 7.6708478 -0.26838812 0.00069516877
0.38888889 14.246879 19.082647 0.15067446 7.6712529 -0.26770137 0.0006938456
0.39861111 14.230829 19.067054 0.15066994 7.6716572 -0.26701762 0.00069253091
0.40833333 14.214829 19.051501 0.15066543 7.6720607 -0.26633741 0.00069122464
0.41805556 14.19888 19.035988 0.15066092 7.6724635 -0.26566121 0.0006899267
0.42777778 14.182981 19.020514 0.15065642 7.6728655 -0.26498936 0.00068863698
0.4375 14.167133 19.005079 0.15065192 7.6732668 -0.26432213 0.00068735533
0.44722222 14.151335 18.989684 0.15064743 7.6736673 -0.2636597 0.00068608161
0.45694444 14.135588 18.974326 0.15064294 7.6740671 -0.2630022 0.00068481564
0.46666667 14.119892 18.959007 0.15063846 7.6744662 -0.26234972 0.00068355722
0.47638889 14.104248 18.943726 0.15063398 7.6748645 -0.2617023 0.00068230617
0.48611111 14.088654 18.928483 0.15062951 7.6752621 -0.26105994 0.00068106229
0.49583333 14.073112 18.913277 0.15062504 7.675659 -0.26042262 0.00067982536
0.50555556 14.057621 18.898108 0.15062058 7.6760551 -0.2597903 0.00067859517
0.51527778 14.042181 18.882975 0.15061613 7.6764506 -0.2591629 0.00067737152
0.525 14.026793 18.867879 0.15061167 7.6768453 -0.25854034 0.00067615417
0.53472222 14.011457 18.852819 0.15060723 7.6772393 -0.25792254 0.00067494292
0.54444444 13.996173 18.837794 0.15060278 7.6776327 -0.25730938 0.00067373756
0.55416667 13.98094 18.822806 0.15059834 7.6780253 -0.25670075 0.00067253786
0.56388889 13.965759 18.807852 0.15059391 7.6784172 -0.25609655 0.00067134361
0.57361111 13.950631 18.792934 0.15058948 7.6788084 -0.25549663 0.00067015461
0.58333333 13.935554 18.77805 0.15058506 7.679199 -0.25490088 0.00066897065
0.59305556 13.92053 18.763201 0.15058064 7.6795888 -0.25430918 0.00066779152
0.60277778 13.905558 18.748386 0.15057622 7.679978 -0.25372138 0.00066661703
0.6125 13.890638 18.733606 0.15057181 7.6803665 -0.25313737 0.00066544697
0.62222222 13.875771 18.718859 0.1505674 7.6807543 -0.25255701 0.00066428116
0.63194444 13.860957 18.704146 0.150563 7.6811414 -0.25198018 0.0006631194
0.64166667 13.846195 18.689466 0.15055861 7.6815279 -0.25140675 0.00066196151
0.65138889 13.831486 18.674819 0.15055421 7.6819137 -0.2508366 0.00066080732
0.66111111 13.816831 18.660206 0.15054982 7.6822988 -0.25026959 0.00065965663
0.67083333 13.802228 18.645625 0.15054544 7.6826832 -0.24970562 0.00065850929
0.68055556 13.787678 18.631078 0.15054106 7.683067 -0.24914457 0.00065736512
0.69027778 13.773181 18.616563 0.15053669 7.6834501 -0.24858631 0.00065622396
0.7 13.758738 18.60208 0.15053231 7.6838326 -0.24803074 0.00065508565
0.70972222 13.744348 18.587629 0.15052795 7.6842143 -0.24747774 0.00065395004
0.71944444 13.730012 18.573211 0.15052359 7.6845955 -0.24692721 0.00065281697
0.72916667 13.715729 18.558824 0.15051923 7.6849759 -0.24637905 0.00065168629
0.73888889 13.7015 18.54447 0.15051487 7.6853557 -0.24583315 0.00065055787
0.74861111 13.687325 18.530147 0.15051052 7.6857349 -0.24528941 0.00064943156
0.75833333 13.673203 18.515855 0.15050618 7.6861134 -0.24474774 0.00064830722
0.76805556 13.659135 18.501596 0.15050184 7.6864912 -0.24420804 0.00064718473
0.77777778 13.645122 18.487367 0.1504975 7.6868684 -0.24367023 0.00064606395
0.7875 13.631162 18.47317 0.15049317 7.6872449 -0.24313421 0.00064494477
0.79722222 13.617257 18.459004 0.15048884 7.6876208 -0.2425999 0.00064382705
0.80694444 13.603406 18.444869 0.15048451 7.6879961 -0.24206721 0.00064271069
0.81666667 13.58961 18.430765 0.15048019 7.6883706 -0.24153608 0.00064159556
0.82638889 13.575868 18.416692 0.15047588 7.6887446 -0.24100641 0.00064048156
0.83611111 13.56218 18.402649 0.15047156 7.6891178 -0.24047813 0.00063936857
0.84583333 13.548548 18.388638 0.15046726 7.6894905 -0.23995118 0.00063825649
0.85555556 13.53497 18.374657 0.15046295 7.6898625 -0.23942548 0.00063714522
0.86527778 13.521446 18.360706 0.15045865 7.6902338 -0.23890095 0.00063603465
0.875 13.507978 18.346787 0.15045435 7.6906045 -0.23837754 0.0006349247
0.88472222 13.494565 18.332897 0.15045006 7.6909745 -0.23785519 0.00063381527
0.89444444 13.481207 18.319038 0.15044577 7.6913439 -0.23733382 0.00063270626
0.90416667 13.467904 18.30521 0.15044149 7.6917127 -0.23681337 0.00063159758
0.91388889 13.454656 18.291411 0.15043721 7.6920808 -0.2362938 0.00063048916
0.92361111 13.441464 18.277643 0.15043293 7.6924483 -0.23577504 0.0006293809
0.93333333 13.428327 18.263905 0.15042866 7.6928151 -0.23525704 0.00062827273
0.94305556 13.415246 18.250197 0.15042439 7.6931813 -0.23473975 0.00062716456
0.95277778 13.40222 18.23652 0.15042013 7.6935468 -0.23422311 0.00062605631
0.9625 13.38925 18.222872 0.15041587 7.6939117 -0.23370707 0.00062494792
0.97222222 13.376336 18.209255 0.15041161 7.6942759 -0.23319159 0.00062383931
0.98194444 13.363477 18.195667 0.15040736 7.6946395 -0.23267662 0.0006227304
0.99166667 13.350675 18.18211 0.15040311 7.6950024 -0.23216212 0.00062162114
1.0013889 13.337928 18.168582 0.15039886 7.6953647 -0.23164803 0.00062051144
1.0111111 13.325238 18.155085 0.15039462 7.6957263 -0.23113432 0.00061940126
1.0208333 13.312604 18.141617 0.15039038 7.6960873 -0.23062095 0.00061829051
1.0305556 13.300026 18.128179 0.15038615 7.6964477 -0.23010788 0.00061717915
1.0402778 13.287505 18.114771 0.15038192 7.6968074 -0.22959507 0.0006160671
1.05 13.27504 18.101393 0.15037769 7.6971665 -0.22908247 0.00061495432
1.0597222 13.262631 18.088045 0.15037347 7.6975249 -0.22857007 0.00061384075
1.0694444 13.25028 18.074727 0.15036925 7.6978826 -0.22805781 0.00061272632
1.0791667 13.237984 18.061439 0.15036504 7.6982397 -0.22754567 0.00061161099
1.0888889 13.225746 18.04818 0.15036083 7.6985962 -0.22703362 0.00061049471
1.0986111 13.213564 18.034952 0.15035662 7.698952 -0.22652161 0.00060937742
1.1083333 13.20144 18.021753 0.15035242 7.6993071 -0.22600963 0.00060825907
1.1180556 13.189372 18.008584 0.15034822 7.6996616 -0.22549764 0.00060713962
1.1277778 13.177362 17.995445 0.15034402 7.7000155 -0.22498561 0.00060601902
1.1375 13.165408 17.982335 0.15033983 7.7003687 -0.22447351 0.00060489722
1.1472222 13.153512 17.969256 0.15033564 7.7007212 -0.22396132 0.00060377418
1.1569444 13.141673 17.956206 0.15033146 7.7010731 -0.22344901 0.00060264985
1.1666667 13.129892 17.943187 0.15032728 7.7014243 -0.22293655 0.0006015242
1.1763889 13.118168 17.930197 0.1503231 7.7017749 -0.22242392 0.00060039718
1.1861111 13.106501 17.917237 0.15031893 7.7021248 -0.2219111 0.00059926875
1.1958333 13.094892 17.904307 0.15031476 7.7024741 -0.22139806 0.00059813888
1.2055556 13.083341 17.891407 0.15031059 7.7028226 -0.22088477 0.00059700752
1.2152778 13.071848 17.878537 0.15030643 7.7031706 -0.22037123 0.00059587464
1.225 13.060412 17.865696 0.15030227 7.7035179 -0.2198574 0.00059474021
1.2347222 13.049035 17.852886 0.15029811 7.7038645 -0.21934326 0.00059360418
1.2444444 13.037715 17.840106 0.15029396 7.7042104 -0.2188288 0.00059246653
1.2541667 13.026453 17.827356 0.15028982 7.7045557 -0.218314 0.00059132722
1.2638889 13.01525 17.814635 0.15028567 7.7049003 -0.21779883 0.00059018622
1.2736111 13.004105 17.801945 0.15028153 7.7052443 -0.21728328 0.0005890435
1.2833333 12.993018 17.789285 0.15027739 7.7055876 -0.21676732 0.00058789903
1.2930556 12.981989 17.776655 0.15027326 7.7059302 -0.21625096 0.00058675278
1.3027778 12.971019 17.764055 0.15026913 7.7062721 -0.21573415 0.00058560471
1.3125 12.960107 17.751485 0.15026501 7.7066134 -0.2152169 0.00058445481
1.3222222 12.949254 17.738946 0.15026088 7.706954 -0.21469918 0.00058330305
1.3319444 12.938459 17.726437 0.15025677 7.707294 -0.21418098 0.00058214939
1.3416667 12.927724 17.713957 0.15025265 7.7076332 -0.21366229 0.00058099382
1.3513889 12.917047 17.701509 0.15024854 7.7079718 -0.21314308 0.0005798363
1.3611111 12.906428 17.68909 0.15024443 7.7083097 -0.21262335 0.00057867682
1.3708333 12.895869 17.676702 0.15024033 7.708647 -0.21210308 0.00057751534
1.3805556 12.885369 17.664344 0.15023623 7.7089835 -0.21158226 0.00057635185
1.3902778 12.874928 17.652016 0.15023213 7.7093194 -0.21106087 0.00057518633
1.4 12.864545 17.639719 0.15022804 7.7096546 -0.21053891 0.00057401875
1.4097222 12.854222 17.627453 0.15022395 7.7099891 -0.21001636 0.00057284909
1.4194444 12.843959 17.615216 0.15021986 7.710323 -0.20949321 0.00057167733
1.4291667 12.833754 17.603011 0.15021578 7.7106561 -0.20896945 0.00057050345
1.4388889 12.823609 17.590836 0.1502117 7.7109886 -0.20844507 0.00056932743
1.4486111 12.813524 17.578691 0.15020762 7.7113204 -0.20792005 0.00056814925
1.4583333 12.803498 17.566578 0.15020355 7.7116514 -0.20739439 0.00056696889
1.4680556 12.793531 17.554494 0.15019948 7.7119819 -0.20686808 0.00056578634
1.4777778 12.783625 17.542442 0.15019542 7.7123116 -0.2063411 0.00056460158
1.4875 12.773777 17.53042 0.15019135 7.7126406 -0.20581345 0.00056341459
1.4972222 12.76399 17.51843 0.1501873 7.7129689 -0.20528512 0.00056222536
1.5069444 12.754263 17.506469 0.15018324 7.7132965 -0.2047561 0.00056103386
1.5166667 12.744595 17.49454 0.15017919 7.7136235 -0.20422638 0.00055984009
1.5263889 12.734987 17.482642 0.15017514 7.7139497 -0.20369595 0.00055864403
1.5361111 12.72544 17.470775 0.1501711 7.7142753 -0.20316481 0.00055744566
1.5458333 12.715952 17.458938 0.15016706 7.7146001 -0.20263295 0.00055624497
1.5555556 12.706525 17.447133 0.15016302 7.7149243 -0.20210035 0.00055504195
1.5652778 12.697158 17.435359 0.15015899 7.7152477 -0.20156701 0.00055383658
1.575 12.687851 17.423616 0.15015496 7.7155704 -0.20103293 0.00055262885
1.5847222 12.678604 17.411904 0.15015093 7.7158925 -0.2004981 0.00055141875
1.5944444 12.669418 17.400224 0.15014691 7.7162138 -0.19996251 0.00055020626
1.6041667 12.660292 17.388574 0.15014289 7.7165344 -0.19942616 0.00054899138
1.6138889 12.651227 17.376956 0.15013887 7.7168543 -0.19888903 0.00054777409
1.6236111 12.642222 17.365369 0.15013486 7.7171735 -0.19835113 0.00054655439
1.6333333 12.633278 17.353814 0.15013085 7.717492 -0.19781244 0.00054533225
1.6430556 12.624395 17.34229 0.15012684 7.7178098 -0.19727297 0.00054410768
1.6527778 12.615572 17.330798 0.15012284 7.7181268 -0.1967327 0.00054288066
1.6625 12.60681 17.319337 0.15011884 7.7184432 -0.19619163 0.00054165118
1.6722222 12.598109 17.307908 0.15011484 7.7187588 -0.19564975 0.00054041924
1.6819444 12.589469 17.29651 0.15011085 7.7190737 -0.19510707 0.00053918482
1.6916667 12.58089 17.285144 0.15010686 7.7193879 -0.19456358 0.00053794791
1.7013889 12.572372 17.27381 0.15010288 7.7197013 -0.19401926 0.00053670852
1.7111111 12.563915 17.262507 0.15009889 7.7200141 -0.19347412 0.00053546662
1.7208333 12.555519 17.251236 0.15009491 7.7203261 -0.19292816 0.00053422222
1.7305556 12.547184 17.239998 0.15009094 7.7206374 -0.19238136 0.0005329753
1.7402778 12.538911 17.228791 0.15008697 7.7209479 -0.19183373 0.00053172586
1.75 12.530699 17.217616 0.150083 7.7212577 -0.19128526 0.00053047389
1.7597222 12.522548 17.206473 0.15007903 7.7215668 -0.19073595 0.00052921938
1.7694444 12.514458 17.195362 0.15007507 7.7218752 -0.19018579 0.00052796234
1.7791667 12.50643 17.184283 0.15007111 7.7221828 -0.18963479 0.00052670275
1.7888889 12.498464 17.173237 0.15006716 7.7224897 -0.18908293 0.00052544061
1.7986111 12.490559 17.162223 0.15006321 7.7227959 -0.18853021 0.00052417591
1.8083333 12.482716 17.151241 0.15005926 7.7231013 -0.18797664 0.00052290865
1.8180556 12.474934 17.140291 0.15005531 7.723406 -0.1874222 0.00052163882
1.8277778 12.467214 17.129373 0.15005137 7.7237099 -0.1868669 0.00052036642
1.8375 12.459556 17.118488 0.15004743 7.7240131 -0.18631074 0.00051909145
1.8472222 12.45196 17.107636 0.1500435 7.7243155 -0.1857537 0.00051781389
1.8569444 12.444425 17.096816 0.15003956 7.7246173 -0.18519579 0.00051653375
1.8666667 12.436952 17.086028 0.15003564 7.7249182 -0.18463701 0.00051525103
1.8763889 12.429542 17.075274 0.15003171 7.7252184 -0.18407736 0.00051396572
1.8861111 12.422193 17.064552 0.15002779 7.7255179 -0.18351682 0.00051267781
1.8958333 12.414906 17.053862 0.15002387 7.7258166 -0.18295541 0.00051138731
1.9055556 12.407682 17.043205 0.15001996 7.7261145 -0.18239312 0.00051009421
1.9152778 12.40052 17.032582 0.15001604 7.7264117 -0.18182994 0.00050879851
1.925 12.393419 17.021991 0.15001213 7.7267082 -0.18126588 0.0005075002
1.9347222 12.386381 17.011433 0.15000823 7.7270038 -0.18070093 0.00050619929
1.9444444 12.379406 17.000908 0.15000433 7.7272988 -0.18013509 0.00050489578
1.9541667 12.372492 16.990416 0.15000043 7.7275929 -0.17956837 0.00050358966
1.9638889 12.365641 16.979957 0.14999653 7.7278863 -0.17900075 0.00050228092
1.9736111 12.358853 16.969531 0.14999264 7.728179 -0.17843225 0.00050096958
1.9833333 12.352127 16.959138 0.14998875 7.7284708 -0.17786285 0.00049965563
1.9930556 12.345463 16.948779 0.14998487 7.7287619 -0.17729256 0.00049833907
2.0027778 12.338862 16.938453 0.14998098 7.7290523 -0.17672137 0.00049701989
2.0125 12.332324 16.92816 0.1499771 7.7293418 -0.17614929 0.0004956981
2.0222222 12.325848 16.917901 0.14997323 7.7296306 -0.17557631 0.0004943737
2.0319444 12.319435 16.907675 0.14996936 7.7299186 -0.17500244 0.00049304668
2.0416667 12.313084 16.897483 0.14996549 7.7302059 -0.17442767 0.00049171705
2.0513889 12.306797 16.887324 0.14996162 7.7304923 -0.173852 0.00049038481
2.0611111 12.300572 16.877199 0.14995776 7.730778 -0.17327544 0.00048904996
2.0708333 12.29441 16.867107 0.1499539 7.7310629 -0.17269798 0.0004877125
2.0805556 12.28831 16.857049 0.14995004 7.7313471 -0.17211962 0.00048637243
2.0902778 12.282274 16.847025 0.14994619 7.7316304 -0.17154036 0.00048502975
2.1 12.276301 16.837035 0.14994234 7.731913 -0.1709602 0.00048368446
2.1097222 12.27039 16.827079 0.14993849 7.7321947 -0.17037914 0.00048233657
2.1194444 12.264543 16.817156 0.14993465 7.7324757 -0.16979719 0.00048098607
2.1291667 12.258759 16.807268 0.14993081 7.7327559 -0.16921434 0.00047963297
2.1388889 12.253038 16.797413 0.14992697 7.7330353 -0.16863059 0.00047827727
2.1486111 12.24738 16.787593 0.14992314 7.7333139 -0.16804594 0.00047691897
2.1583333 12.241785 16.777807 0.1499193 7.7335918 -0.16746039 0.00047555808
2.1680556 12.236254 16.768055 0.14991548 7.7338688 -0.16687395 0.00047419459
2.1777778 12.230785 16.758337 0.14991165 7.734145 -0.16628661 0.00047282851
2.1875 12.22538 16.748653 0.14990783 7.7344205 -0.16569837 0.00047145984
2.1972222 12.220039 16.739004 0.14990401 7.7346951 -0.16510924 0.00047008859
2.2069444 12.21476 16.729389 0.1499002 7.7349689 -0.16451921 0.00046871475
2.2166667 12.209545 16.719809 0.14989639 7.735242 -0.16392829 0.00046733833
2.2263889 12.204394 16.710263 0.14989258 7.7355142 -0.16333647 0.00046595934
2.2361111 12.199306 16.700752 0.14988877 7.7357856 -0.16274376 0.00046457777
2.2458333 12.194281 16.691275 0.14988497 7.7360563 -0.16215015 0.00046319364
2.2555556 12.18932 16.681833 0.14988117 7.7363261 -0.16155566 0.00046180694
2.2652778 12.184423 16.672426 0.14987737 7.7365951 -0.16096028 0.00046041768
2.275 12.179589 16.663053 0.14987358 7.7368633 -0.160364 0.00045902586
2.2847222 12.174818 16.653715 0.14986979 7.7371306 -0.15976684 0.00045763148
2.2944444 12.170112 16.644412 0.149866 7.7373972 -0.15916879 0.00045623456
2.3041667 12.165469 16.635144 0.14986222 7.7376629 -0.15856985 0.00045483509
2.3138889 12.16089 16.625911 0.14985844 7.7379279 -0.15797002 0.00045343309
2.3236111 12.156374 16.616713 0.14985466 7.738192 -0.15736932 0.00045202854
2.3333333 12.151922 16.60755 0.14985089 7.7384553 -0.15676773 0.00045062147
2.3430556 12.147535 16.598422 0.14984712 7.7387177 -0.15616525 0.00044921187
2.3527778 12.14321 16.58933 0.14984335 7.7389794 -0.1555619 0.00044779974
2.3625 12.13895 16.580272 0.14983958 7.7392402 -0.15495767 0.00044638511
2.3722222 12.134754 16.57125 0.14983582 7.7395002 -0.15435256 0.00044496796
2.3819444 12.130621 16.562263 0.14983206 7.7397594 -0.15374658 0.0004435483
2.3916667 12.126553 16.553312 0.14982831 7.7400177 -0.15313972 0.00044212615
2.4013889 12.122548 16.544396 0.14982456 7.7402752 -0.15253198 0.0004407015
2.4111111 12.118608 16.535515 0.14982081 7.7405319 -0.15192338 0.00043927436
2.4208333 12.114731 16.52667 0.14981706 7.7407877 -0.15131391 0.00043784474
2.4305556 12.110919 16.517861 0.14981332 7.7410428 -0.15070356 0.00043641264
2.4402778 12.10717 16.509087 0.14980958 7.7412969 -0.15009236 0.00043497807
2.45 12.103486 16.500349 0.14980584 7.7415503 -0.14948028 0.00043354104
2.4597222 12.099866 16.491646 0.1498021 7.7418028 -0.14886735 0.00043210155
2.4694444 12.09631 16.48298 0.14979837 7.7420544 -0.14825355 0.00043065961
2.4791667 12.092818 16.474349 0.14979465 7.7423052 -0.14763889 0.00042921522
2.4888889 12.08939 16.465754 0.14979092 7.7425552 -0.14702338 0.00042776839
2.4986111 12.086027 16.457195 0.1497872 7.7428043 -0.14640701 0.00042631913
2.5083333 12.082727 16.448672 0.14978348 7.7430526 -0.14578979 0.00042486745
2.5180556 12.079492 16.440185 0.14977976 7.7433 -0.14517171 0.00042341334
2.5277778 12.076321 16.431734 0.14977605 7.7435466 -0.14455279 0.00042195683
2.5375 12.073215 16.423319 0.14977234 7.7437924 -0.14393302 0.00042049791
2.5472222 12.070173 16.414941 0.14976863 7.7440372 -0.1433124 0.00041903659
2.5569444 12.067195 16.406598 0.14976493 7.7442813 -0.14269095 0.00041757289
2.5666667 12.064281 16.398292 0.14976123 7.7445244 -0.14206864 0.0004161068
2.5763889 12.061432 16.390022 0.14975753 7.7447668 -0.14144551 0.00041463834
2.5861111 12.058648 16.381789 0.14975384 7.7450082 -0.14082153 0.00041316751
2.5958333 12.055927 16.373592 0.14975014 7.7452488 -0.14019672 0.00041169432
2.6055556 12.053271 16.365431 0.14974646 7.7454886 -0.13957108 0.00041021877
2.6152778 12.05068 16.357308 0.14974277 7.7457274 -0.13894461 0.00040874089
2.625 12.048153 16.34922 0.14973909 7.7459655 -0.13831731 0.00040726067
2.6347222 12.04569 16.341169 0.14973541 7.7462026 -0.13768918 0.00040577812
2.6444444 12.043292 16.333155 0.14973173 7.7464389 -0.13706024 0.00040429325
2.6541667 12.040959 16.325178 0.14972806 7.7466743 -0.13643047 0.00040280607
2.6638889 12.038689 16.317237 0.14972439 7.7469089 -0.13579988 0.00040131659
2.6736111 12.036485 16.309333 0.14972072 7.7471426 -0.13516848 0.00039982481
2.6833333 12.034345 16.301466 0.14971705 7.7473754 -0.13453627 0.00039833075
2.6930556 12.03227 16.293636 0.14971339 7.7476073 -0.13390325 0.00039683441
2.7027778 12.030259 16.285843 0.14970973 7.7478384 -0.13326942 0.0003953358
2.7125 12.028312 16.278087 0.14970607 7.7480686 -0.13263478 0.00039383494
2.7222222 12.026431 16.270368 0.14970242 7.7482979 -0.13199934 0.00039233182
2.7319444 12.024614 16.262686 0.14969877 7.7485263 -0.13136311 0.00039082646
2.7416667 12.022861 16.255041 0.14969512 7.7487539 -0.13072607 0.00038931886
2.7513889 12.021174 16.247434 0.14969148 7.7489806 -0.13008824 0.00038780904
2.7611111 12.01955 16.239863 0.14968784 7.7492063 -0.12944962 0.00038629701
2.7708333 12.017992 16.23233 0.1496842 7.7494313 -0.12881021 0.00038478277
2.7805556 12.016498 16.224834 0.14968056 7.7496553 -0.12817001 0.00038326634
2.7902778 12.015069 16.217376 0.14967693 7.7498784 -0.12752903 0.00038174772
2.8 12.013705 16.209955 0.1496733 7.7501007 -0.12688727 0.00038022692
2.8097222 12.012405 16.202571 0.14966968 7.7503221 -0.12624474 0.00037870396
2.8194444 12.01117 16.195225 0.14966605 7.7505425 -0.12560142 0.00037717884
2.8291667 12.01 16.187916 0.14966243 7.7507621 -0.12495734 0.00037565157
2.8388889 12.008894 16.180646 0.14965881 7.7509808 -0.12431248 0.00037412216
2.8486111 12.007853 16.173412 0.1496552 7.7511986 -0.12366686 0.00037259063
2.8583333 12.006877 16.166217 0.14965158 7.7514156 -0.12302048 0.00037105697
2.8680556 12.005965 16.159059 0.14964798 7.7516316 -0.12237333 0.00036952121
2.8777778 12.005119 16.151939 0.14964437 7.7518467 -0.12172543 0.00036798335
2.8875 12.004337 16.144856 0.14964077 7.7520609 -0.12107677 0.0003664434
2.8972222 12.00362 16.137812 0.14963716 7.7522742 -0.12042737 0.00036490138
2.9069444 12.002967 16.130806 0.14963357 7.7524867 -0.11977721 0.00036335729
2.9166667 12.00238 16.123837 0.14962997 7.7526982 -0.11912631 0.00033873555
2.9263889 12.001857 16.116906 0.14962638 7.7529088 -0.1184744 0.00020213994
2.9361111 12.001399 16.110014 0.14962279 7.7531185 -0.11779627 5.6270715e-05
2.9458333 12.001005 16.103159 0.1496192 7.7533273 -0.11679439 -9.6313176e-05
2.9555556 12.000677 16.096343 0.14961562 7.7535352 -0.11437184 -0.00025470224
2.9652778 12.000413 16.089565 0.14961204 7.7537422 -0.10859437 -0.00042064566
2.975 12.000214 16.082825 0.14960846 7.7539483 -0.097362394 -0.00059662263
2.9847222 12.00008 16.076123 0.14960489 7.7541535 -0.079072043 -0.00078040847
2.9944444 12.000011 16.06946 0.14960132 7.7543578 -0.052854374 -0.00097286111
3.0041667 22.006423 16.062835 0.14959775 7.7537752 -0.018489472 -0.0011740184
3.0138889 22.071061 16.056251 0.14959418 7.7525727 0.02378813 -0.0013844815
3.0236111 22.204472 16.049795 0.14959062 7.7512993 0.073476586 -0.0016049118
3.0333333 22.40575 16.04405 0.14958711 7.7499739 0.1299704 -0.0018360352
3.0430556 22.673986 16.040519 0.14958374 7.7485587 0.19268527 -0.0020786319
3.0527778 23.008271 16.041308 0.14958064 7.7470797 0.2611308 -0.0023335271
3.0625 23.407697 16.048361 0.14957793 7.7455032 0.33493978 -0.0026015844
3.0722222 23.871355 16.062972 0.14957569 7.7438378 0.41387154 -0.0028836998
3.0819444 24.398338 16.085711 0.14957396 7.7420883 0.497803 -0.0031807973
3.0916667 24.987737 16.11658 0.14957273 7.7402484 0.58671508 -0.0033557481
3.1013889 25.638644 16.155207 0.149572 7.7383117 0.68066336 -0.0035423816
3.1111111 26.35015 16.201027 0.14957173 7.7362714 0.77956821 -0.0037401837
3.1208333 27.121347 16.253432 0.14957188 7.7341201 0.88268311 -0.0039504239
3.1305556 27.951326 16.311873 0.14957244 7.7318495 0.98843075 -0.0041745126
3.1402778 28.83918 16.375909 0.14957337 7.7294515 1.0950021 -0.0044088648
3.15 29.784 16.445229 0.14957466 7.7269171 1.2010527 -0.004657449
3.1597222 30.784877 16.519643 0.14957632 7.7242373 1.3059979 -0.0049204415
3.1694444 31.840904 16.599075 0.14957834 7.7214027 1.4099543 -0.005198921
3.1791667 32.951172 16.683547 0.14958074 7.7184037 1.513546 -0.0054932987
3.1888889 34.114772 16.773163 0.14958354 7.7152306 1.6177104 -0.0058038725
3.1986111 35.330796 16.868102 0.14958674 7.7118734 1.7235268 -0.0061307637
3.2083333 36.598337 16.9686 0.1495904 7.7083219 1.8320805 -0.0064738438
3.2180556 37.916485 17.074949 0.14959453 7.7045657 1.9443776 -0.0068326102
3.2277778 39.284332 17.18748 0.14959918 7.7005945 2.0613037 -0.0072059729
3.2375 40.70097 17.306565 0.14960439 7.6963977 2.1836081 -0.0075918937
3.2472222 42.16549 17.432605 0.1496102 7.691965 2.3118973 -0.0079867749
3.2569444 43.676985 17.566029 0.14961668 7.6872858 2.4466257 -0.0083844274
3.2666667 45.234546 17.70729 0.14962388 7.6823505 2.5880759 -0.0087791447
3.2763889 46.837264 17.856858 0.14963185 7.6771498 2.7363176 -0.0091821876
3.2861111 48.484231 18.015218 0.14964068 7.6716762 2.8911461 -0.009599751
3.2958333 50.17454 18.182867 0.14965044 7.6659242 3.05208 -0.010034111
3.3055556 51.90728 18.360307 0.14966119 7.6598929 3.2185359 -0.010487006
3.3152778 53.681545 18.548033 0.14967304 7.6535879 3.3900918 -0.010959988
3.325 55.496426 18.746531 0.14968607 7.6470262 3.5666512 -0.01145452
3.3347222 57.351014 18.956249 0.14970038 7.640244 3.7484629 -0.011972024
3.3444444 59.244401 19.177582 0.14971607 7.6333073 3.9360612 -0.012513916
3.3541667 61.175679 19.410821 0.14973323 7.626192 4.1301871 -0.013081638
3.3638889 63.14394 19.656094 0.14975197 7.6187726 4.3317231 -0.013676708
3.3736111 65.148275 19.913298 0.14977235 7.6110041 4.5416475 -0.014300796
3.3833333 67.187775 20.182159 0.14979445 7.6028568 4.7610097 -0.014955841
3.3930556 69.261533 20.462461 0.14981836 7.5943037 4.9909207 -0.015644251
3.4027778 71.36864 20.754277 0.14984417 7.5853194 5.2325557 -0.016369234
3.4125 73.508188 21.058059 0.14987204 7.5758789 5.487168 -0.017135359
3.4222222 75.679268 21.374614 0.14990216 7.5659578 5.756113 -0.017949507
3.4319444 77.880972 21.705022 0.14993478 7.5555318 6.0408859 -0.018819613
3.4416667 80.112392 22.050561 0.14997018 7.5445771 6.3431786 -0.019737068
3.4513889 82.372619 22.412642 0.15000869 7.5330699 6.6649584 -0.02069509
3.4611111 84.660745 22.792771 0.15005069 7.520987 7.0085038 -0.021691877
3.4708333 86.975862 23.192524 0.15009658 7.5083053 7.376269 -0.022726131
3.4805556 89.317062 23.613539 0.15014684 7.4950023 7.7706296 -0.023796588
3.4902778 91.683435 24.057507 0.150202 7.4810562 8.1937044 -0.024901897
3.5 94.074074 24.526178 0.15026266 7.4664454 8.6473208 -0.026040556
3.5097222 96.48807 25.021367 0.15032949 7.4511496 9.1330659 -0.027210873
3.5194444 98.924516 25.544952 0.15040324 7.4351489 9.6523597 -0.028410943
3.5291667 101.3825 26.098891 0.15048477 7.418425 10.206513 -0.029638622
3.5388889 103.86112 26.685218 0.15057505 7.4009603 10.796758 -0.030891517
3.5486111 106.35946 27.306056 0.15067519 7.3827388 11.424258 -0.032166973
3.5583333 108.87662 27.963613 0.15078641 7.363746 12.09009 -0.033456264
3.5680556 111.41169 28.66019 0.15091013 7.3439692 12.795199 -0.03472912
3.5777778 113.96375 29.398177 0.15104795 7.3233974 13.540133 -0.035953949
3.5875 116.53191 30.180049 0.15120168 7.3020219 14.324069 -0.037107402
3.5972222 119.11524 31.00836 0.15137334 7.2798364 15.143378 -0.03816271
3.6069444 121.71285 31.885732 0.15156526 7.2568369 15.990751 -0.039108579
3.6166667 124.32383 32.814833 0.15178 7.2330221 16.855299 -0.039925067
3.6263889 126.94726 33.798362 0.15202046 7.2083938 17.723468 -0.040610207
3.6361111 129.58225 34.839015 0.15228988 7.1829595 18.580242 -0.041148943
3.6458333 132.22787 35.939451 0.15259183 7.156891 19.410401 -0.041540837
3.6555556 134.88323 37.102192 0.15293023 7.1304711 20.199311 -0.041785348
3.6652778 137.5474 38.329108 0.15330924 7.1039891 20.933683 -0.041872063
3.675 140.2195 39.620139 0.1537329 7.0776552 21.601841 -0.041806972
3.6847222 142.8986 40.972004 0.15420459 7.0516506 22.193633 -0.041592538
3.6944444 145.5838 42.377732 0.15472649 7.0261148 22.700763 -0.041220496
3.7041667 148.27419 43.82718 0.15529925 7.0011508 23.11643 -0.040697533
3.7138889 150.96887 45.308115 0.15592187 6.9767941 23.434834 -0.04002949
3.7236111 153.66692 46.8075 0.15659176 6.9531602 23.65156 -0.03921882
3.7333333 156.36743 48.31257 0.15730498 6.930198 23.763442 -0.038289669
3.7430556 159.0695 49.811556 0.15805657 6.9079701 23.767764 -0.037278059
3.7527778 161.77222 51.294345 0.15884095 6.8864997 23.663458 -0.03621205
3.7625 164.47468 52.752434 0.15965218 6.8657191 23.452907 -0.035115533
3.7722222 167.17597 54.179049 0.16048429 6.8456512 23.1425 -0.033995277
3.7819444 169.87519 55.569306 0.16133163 6.8263299 22.741598 -0.032877386
3.7916667 172.57142 56.919514 0.16218888 6.8076753 22.262543 -0.031767034
3.8013889 175.26375 58.227122 0.16305114 6.7896454 21.719849 -0.030679565
3.8111111 177.95129 59.491003 0.16391424 6.7723096 21.128759 -0.029610639
3.8208333 180.63312 60.710776 0.16477455 6.7556157 20.503055 -0.028561883
3.8305556 183.30833 61.886197 0.16562883 6.7395051 19.854793 -0.027548192
3.8402778 185.97601 63.017804 0.16647439 6.7239364 19.194884 -0.026567256
3.85 188.63526 64.107003 0.16730929 6.7089732 18.533153 -0.025617269
3.8597222 191.28516 65.155086 0.16813188 6.6945729 17.877659 -0.024699992
3.8694444 193.92482 66.162935 0.16894058 6.6806796 17.233428 -0.023813872
3.8791667 196.55331 67.131978 0.1697343 6.6672534 16.604339 -0.022957032
3.8888889 199.16974 68.064256 0.17051249 6.6543001 15.993621 -0.02213178
3.8986111 201.77319 68.961784 0.17127484 6.6418578 15.403644 -0.021345806
3.9083333 204.36276 69.825517 0.17202075 6.6298651 14.836795 -0.020588678
3.9180556 206.93753 70.656651 0.17274985 6.6182849 14.293795 -0.019852926
3.9277778 209.4966 71.456905 0.17346214 6.607082 13.773531 -0.019142483
3.9375 212.03906 72.228484 0.17415803 6.5962688 13.275252 -0.018464611
3.9472222 214.56401 72.973025 0.17483782 6.5858821 12.799195 -0.017814584
3.9569444 217.07052 73.690941 0.17550129 6.5758688 12.345941 -0.017190258
3.9666667 219.55771 74.383192 0.17614848 6.5661976 11.915392 -0.016584719
3.9763889 222.02465 75.051236 0.17677976 6.5568401 11.505242 -0.016001372
3.9861111 224.47043 75.696996 0.17739584 6.5477754 11.11346 -0.015441396
3.9958333 226.89416 76.322207 0.17799742 6.5390654 10.739796 -0.014901719
4.0055556 229.29492 76.926883 0.17858442 6.5306828 10.383813 -0.014380925
4.0152778 231.67181 77.511243 0.17915673 6.5225916 10.044993 -0.013877617
4.025 234.02391 78.076312 0.17971474 6.5147701 9.7225402 -0.01339817
4.0347222 236.35031 78.623505 0.18025904 6.5071948 9.4158045 -0.012934724
4.0444444 238.65012 79.154555 0.18079049 6.4998525 9.1229716 -0.01248515
4.0541667 240.92241 79.670538 0.18130965 6.4928016 8.8429553 -0.012049228
4.0638889 243.16629 80.170759 0.18181615 6.4860194 8.5748338 -0.011625512
4.0736111 245.38084 80.655283 0.1823099 6.4794755 8.3176939 -0.011216638
4.0833333 247.56516 81.124942 0.18279125 6.4731521 8.0717266 -0.010828244
4.0930556 249.71833 81.580945 0.1832608 6.4670301 7.8382361 -0.010456342
4.1027778 251.83945 82.02475 0.1837193 6.4610927 7.6164084 -0.010092726
4.1125 253.92761 82.457561 0.18416743 6.4553636 7.4032948 -0.009736824
4.1222222 255.98191 82.878674 0.18460484 6.4498746 7.1974495 -0.0093885672
4.1319444 258.00142 83.287256 0.18503099 6.4445918 6.9978631 -0.0090508301
4.1416667 259.98526 83.683865 0.18544607 6.4394966 6.805349 -0.0087287808
4.1513889 261.93249 84.069355 0.18585049 6.4345741 6.6216179 -0.0084196257
4.1611111 263.84223 84.44496 0.18624486 6.4298095 6.4469956 -0.0081219837
4.1708333 265.71356 84.811857 0.18662985 6.4251903 6.2811392 -0.0078331614
4.1805556 267.54557 85.170906 0.18700592 6.4207344 6.1211148 -0.0075469251
4.1902778 269.33735 85.520839 0.18737241 6.4164796 5.9641827 -0.0072644717
4.2 271.088 85.860612 0.1877286 6.4123959 5.8103104 -0.0069928601
4.2097222 272.7966 86.190786 0.18807469 6.408467 5.6614905 -0.0067317064
4.2194444 274.46226 86.512133 0.18841103 6.4046807 5.5188278 -0.0064792938
4.2291667 276.08405 86.825765 0.1887382 6.4010248 5.3824566 -0.0062349194
4.2388889 277.66108 87.132663 0.18905672 6.3974894 5.2519734 -0.0059976986
4.2486111 279.19242 87.433626 0.18936705 6.3940657 5.1266449 -0.0057667819
4.2583333 280.67719 87.72867 0.18966921 6.3907917 5.0047381 -0.0055371751
4.2680556 282.11446 88.015572 0.1899619 6.3876777 4.8837157 -0.0053132201
4.2777778 283.50333 88.294175 0.19024488 6.3847002 4.7656939 -0.0050944267
4.2875 284.84289 88.565089 0.19051842 6.3818476 4.6514484 -0.0045298303
4.2972222 286.13223 88.82922 0.19078296 6.3791097 4.5303914 -0.0034706582
4.3069444 287.37044 89.087533 0.19103905 6.3764773 4.336567 -0.0027005465
4.3166667 288.55662 89.340776 0.1912871 6.3739431 4.0563829 -0.0021362627
4.3263889 289.68986 89.589533 0.19152745 6.3715009 3.7322107 -0.0010475878
4.3361111 290.76924 89.834163 0.19176034 6.3691568 3.3596234 -0.00042180211
4.3458333 291.79386 90.072786 0.19198469 6.366955 2.9543161 6.1771009e-06
4.3555556 292.76282 90.304151 0.19219967 6.3648848 2.5617186 0.00034605201
4.3652778 293.6752 90.528925 0.19240561 6.3629774 2.2024551 0.00063807168
4.375 294.53009 90.747248 0.19260257 6.3686135 1.876038 0.00089554095
4.3847222 295.32659 90.926508 0.19277178 6.3741405 1.5758611 0.001124636
4.3944444 296.06379 91.005852 0.19287604 6.3771158 1.2957335 0.0013304638
4.4041667 296.74078 91.010586 0.1929274 6.3821084 1.0312435 0.001515037
4.4138889 297.35665 90.97045 0.19294319 6.3871249 0.779977 0.0016801545
4.4236111 297.9105 90.87395 0.19291726 6.3890213 0.54122754 0.0018241298
4.4333333 298.4014 90.757716 0.19287088 6.3897065 0.31676369 0.0019457781
4.4430556 298.82847 90.658265 0.19282659 6.3898777 0.10602606 0.0020466904
4.4527778 299.19078 90.585734 0.19279207 6.3897701 -0.092133107 0.0019347599
4.4625 299.48744 90.536423 0.1927666 6.3894626 -0.27265624 0.0010993259
4.4722222 299.71752 90.504625 0.19274782 6.3890028 -0.37670927 0.00054840921
4.4819444 299.88013 90.485524 0.1927336 6.38842 -0.37802829 0.00020778612
4.4916667 299.97435 90.476287 0.19272275 6.3877251 -0.32004723 -0.00060815771
4.5013889 300.07778 90.475514 0.19271483 6.3869311 -0.20717295 -0.0010643518
4.5111111 300.62222 90.482413 0.19270968 6.3860497 -0.045835632 -0.00131321
4.5208333 301.16667 90.496358 0.19270722 6.3850885 0.11925242 -0.0014786459
4.5305556 301.71111 90.516835 0.19270738 6.3840567 0.26260072 -0.0016033847
4.5402778 302.25556 90.543393 0.1927101 6.3829657 0.38175505 -0.0015829596
4.55 302.8 90.575543 0.19271527 6.3818269 0.46962636 -0.0014246333
4.5597222 303.34444 90.612734 0.19272271 6.3806506 0.50771029 -0.0013708811
4.5694444 303.88889 90.654381 0.19273221 6.3794461 0.52051729 -0.0013510213
4.5791667 304.43333 90.699905 0.19274354 6.3782214 0.52490728 -0.0013710987
4.5888889 304.97778 90.748769 0.19275644 6.3769842 0.53177144 -0.001404386
4.5986111 305.52222 90.800491 0.19277072 6.375743 0.54729574 -0.001436332
4.6083333 306.06667 90.854656 0.19278616 6.3745112 0.56991606 -0.001461723
4.6180556 306.61111 90.910924 0.19280263 6.3733466 0.59560105 -0.0014794385
4.6277778 307.15556 90.967437 0.19281909 6.3745654 0.62095298 -0.0014899769
4.6375 307.7 90.999375 0.19282133 6.3751294 0.64389212 -0.0014943422
4.6472222 308.24444 91.002458 0.19280597 6.3749376 0.66343175 -0.001493605
4.6569444 308.78889 90.999906 0.19278601 6.3742669 0.67928982 -0.0014887592
4.6666667 309.33333 91.0021 0.19276774 6.373201 0.69157505 -0.0014807042
4.6763889 309.87778 91.01832 0.19275684 6.3719939 0.70058088 -0.0014703024
4.6861111 310.42222 91.050306 0.19275478 6.370749 0.70666328 -0.0014585734
4.6958333 310.96667 91.094303 0.19275974 6.3695055 0.71017 -0.0014476075
4.7055556 311.51111 91.145902 0.19276931 6.3682769 0.7113766 -0.0015080199
4.7152778 312.05556 91.201786 0.19278161 6.3670667 0.71890971 -0.0017619204
4.725 312.6 91.259846 0.19279541 6.3658747 0.76003127 -0.0018816113
4.7347222 313.14444 91.318859 0.19280994 6.3646998 0.81850529 -0.0019504266
4.7444444 313.68889 91.378163 0.19282478 6.3635408 0.87727382 -0.0019661203
4.7541667 314.23333 91.437419 0.19283971 6.3623966 0.92660241 -0.0019542666
4.7638889 314.77778 91.496469 0.19285458 6.3612666 0.95981015 -0.0019325963
4.7736111 315.32222 91.555245 0.19286935 6.3601502 0.97824751 -0.0019077957
4.7833333 315.86667 91.613723 0.19288398 6.3590473 0.98615743 -0.0018818316
4.7930556 316.41111 91.671865 0.19289843 6.357958 0.98734669 -0.0018556437
4.8027778 316.95556 91.729674 0.19291269 6.3568822 0.98458907 -0.0018294903
4.8125 317.5 91.787169 0.19292676 6.3558198 0.97962724 -0.0018033714
4.8222222 318.04444 91.844359 0.19294063 6.354771 0.97346686 -0.0017772165
4.8319444 318.58889 91.901253 0.19295429 6.3537356 0.9666569 -0.0017509533
4.8416667 319.13333 91.957856 0.19296775 6.3527137 0.95948387 -0.0017245293
4.8513889 319.67778 92.01417 0.19298099 6.3517054 0.95209137 -0.0016979138
4.8611111 320.22222 92.070144 0.19299398 6.3507151 0.94454905 -0.0016710943
4.8708333 320.76667 92.125507 0.19300655 6.3497452 0.9369087 -0.001644094
4.8805556 321.31111 92.180157 0.19301862 6.3487942 0.92921387 -0.0016169337
4.8902778 321.85556 92.234133 0.19303021 6.347861 0.92146699 -0.0015896209
4.9 322.4 92.287494 0.19304133 6.346945 0.91366887 -0.0015621635
4.9097222 322.94444 92.340295 0.19305201 6.3460457 0.90582404 -0.0015345675
4.9194444 323.48889 92.39258 0.19306227 6.3451627 0.89794003 -0.0015068342
4.9291667 324.03333 92.444386 0.19307213 6.3442957 0.89002679 -0.0014789563
4.9388889 324.57778 92.495741 0.19308159 6.3434444 0.88209875 -0.0014510058
4.9486111 325.12222 92.546671 0.19309066 6.3426086 0.87432346 -0.0014235329
4.9583333 325.66667 92.597197 0.19309935 6.341788 0.8669604 -0.0013963704
4.9680556 326.21111 92.647336 0.19310767 6.3409826 0.86004452 -0.0013692385
4.9777778 326.75556 92.697105 0.19311563 6.3401921 0.85354387 -0.0013417266
4.9875 327.3 92.746519 0.19312322 6.3394165 0.84743155 -0.00131294
4.9972222 327.84444 92.795593 0.19313045 6.3386557 0.84170147 -0.0012794542
5.0069444 328.38889 92.844339 0.19313732 6.3379098 0.83628616 -0.0010616313
5.0166667 328.93333 92.892772 0.19314385 6.337179 0.81829842 -0.00083715739
5.0263889 329.47778 92.940905 0.19315002 6.3364635 0.77165066 -0.00071686743
5.0361111 330.02222 92.988754 0.19315586 6.3357639 0.7186584 -0.00063678312
5.0458333 330.56667 93.036336 0.19316136 6.3350813 0.66819554 -0.00059890663
5.0555556 331.11111 93.08367 0.19316654 6.3344179 0.62716951 -0.00057896631
5.0652778 331.65556 93.130784 0.19317141 6.3337784 0.59898077 -0.00056523352
5.075 332.2 93.177714 0.19317599 6.3331768 0.58119003 -0.00055353663
5.0847222 332.74444 93.224505 0.1931803 6.3327106 0.57018379 -0.00054234706
5.0944444 333.28889 93.269283 0.19318328 6.3349723 0.56314533 -0.00053114574
5.1041667 333.83333 93.289005 0.19317146 6.3357795 0.55824402 -0.0005198237
5.1138889 334.37778 93.28827 0.19314679 6.3359582 0.55437131 -0.00050843659
5.1236111 334.92222 93.286408 0.19312049 6.3357345 0.55085778 -0.00049711351
5.1333333 335.46667 93.289264 0.19309623 6.3352055 0.54736498 -0.00048608969
5.1430556 336.01111 93.303603 0.19307818 6.3345775 0.54371701 -0.00047574943
5.1527778 336.55556 93.329783 0.19306687 6.3339254 0.53981572 -0.00046689054
5.1625 337.1 93.364434 0.19306053 6.3332762 0.53559719 -0.00046219772
5.1722222 337.64444 93.404203 0.19305727 6.3326399 0.53102202 -0.00060084597
5.1819444 338.18889 93.446732 0.19305573 6.3320194 0.53523011 -0.00081433697
5.1916667 338.73333 93.490553 0.19305503 6.3314153 0.56902551 -0.00090786406
5.2013889 339.27778 93.534782 0.19305464 6.3308272 0.61206354 -0.00095880062
5.2111111 339.82222 93.578925 0.19305422 6.3302544 0.65326722 -0.00096656814
5.2208333 340.36667 93.62275 0.19305363 6.329696 0.68609744 -0.00095401508
5.2305556 340.91111 93.666146 0.19305277 6.329151 0.70609983 -0.00093456356
5.2402778 341.45556 93.709068 0.1930516 6.3286189 0.71493826 -0.0009126343
5.25 342 93.751509 0.1930501 6.3280989 0.7161206 -0.00089017095
5.2597222 342.54444 93.793478 0.19304826 6.3275906 0.71266748 -0.00086791451
5.2694444 343.08889 93.834995 0.19304608 6.3270933 0.70660897 -0.00084611721
5.2791667 343.63333 93.876082 0.19304356 6.3266068 0.69919322 -0.0008248404
5.2888889 344.17778 93.916763 0.19304071 6.3261305 0.69118555 -0.00080409024
5.2986111 344.72222 93.957062 0.19303753 6.3256643 0.68298899 -0.00078382241
5.3083333 345.26667 93.997 0.19303403 6.3252078 0.6748105 -0.00076398488
5.3180556 345.81111 94.036493 0.19303016 6.3247656 0.66675749 -0.00074453081
5.3277778 346.35556 94.075285 0.19302575 6.3243382 0.65888099 -0.0007254203
5.3375 346.9 94.113377 0.19302079 6.323924 0.65120077 -0.00070661993
5.3472222 347.44444 94.150854 0.19301533 6.3235219 0.64371979 -0.00068810159
5.3569444 347.98889 94.187795 0.1930094 6.3231313 0.63643228 -0.00066984142
5.3666667 348.53333 94.224265 0.19300305 6.3227514 0.62932821 -0.00065181889
5.3763889 349.07778 94.260316 0.19299628 6.3223818 0.62239572 -0.00063401616
5.3861111 349.62222 94.295988 0.19298913 6.3220222 0.61562244 -0.00061641706
5.3958333 350.16667 94.331315 0.19298162 6.3216721 0.60900733 -0.00059914741
5.4055556 350.71111 94.366325 0.19297375 6.3213312 0.60276557 -0.00058268173
5.4152778 351.25556 94.40104 0.19296554 6.3209992 0.59703702 -0.00056686784
5.425 351.8 94.435481 0.19295699 6.320676 0.59176077 -0.00055158413
5.4347222 352.34444 94.469664 0.19294812 6.3203612 0.58686886 -0.00053675569
5.4444444 352.88889 94.503604 0.19293893 6.3200547 0.58229952 -0.00052232875
5.4541667 353.43333 94.537312 0.19292942 6.3197563 0.57800282 -0.0005082624
5.4638889 353.97778 94.570801 0.19291961 6.3194658 0.57393929 -0.0004945243
5.4736111 354.52222 94.604081 0.19290949 6.319183 0.57007759 -0.0004810882
5.4833333 355.06667 94.637159 0.19289907 6.3189078 0.5663926 -0.0004679324
5.4930556 355.61111 94.670039 0.19288835 6.3186401 0.56286394 -0.00045503861
5.5027778 356.15556 94.7027 0.19287732 6.3183798 0.55947488 -0.00044239126
5.5125 356.7 94.735156 0.19286598 6.3181269 0.55621153 -0.00042997693
5.5222222 357.24444 94.767422 0.19285434 6.3178811 0.55306225 -0.00041778392
5.5319444 357.78889 94.799509 0.19284242 6.3176424 0.55001721 -0.00040580197
5.5416667 358.33333 94.831424 0.1928302 6.3174107 0.54706803 -0.00039402199
5.5513889 358.87778 94.863175 0.19281769 6.3171857 0.54420751 -0.00038243622
5.5611111 359.42222 94.894766 0.1928049 6.3169673 0.54142946 -0.00037103777
5.5708333 359.96667 94.926204 0.19279183 6.3167556 0.53872851 -0.00035981929
5.5805556 360.51111 94.957493 0.19277849 6.3165502 0.5361192 -0.00034878534
5.5902778 361.05556 94.988639 0.19276486 6.3163512 0.53361155 -0.00033793926
5.6 361.6 95.019645 0.19275097 6.3161584 0.53117373 -0.00032715686
5.6097222 362.14444 95.050515 0.1927368 6.3159718 0.5285419 -0.00031600935
5.6194444 362.68889 95.081252 0.19272238 6.3157912 0.52558176 -0.00030460098
5.6291667 363.23333 95.111862 0.19270769 6.3156165 0.52235734 -0.00029301748
5.6388889 363.77778 95.142346 0.19269274 6.3154477 0.51893614 -0.00028131149
5.6486111 364.32222 95.172709 0.19267754 6.3152846 0.51536863 -0.00026951857
5.6583333 364.86667 95.202952 0.19266208 6.3151272 0.51169136 -0.00025766419
5.6680556 365.41111 95.23308 0.19264638 6.3149754 0.50793106 -0.00024576723
5.6777778 365.95556 95.263095 0.19263044 6.3148291 0.50410767 -0.00023384213
5.6875 366.5 95.292911 0.1926142 6.3146916 0.50023627 -0.00022190009
5.6972222 367.04444 95.322246 0.1925975 6.3145646 0.49632853 -0.00020994994
5.7069444 367.58889 95.351103 0.19258034 6.3144468 0.49239357 -0.00019799869
5.7166667 368.13333 95.379561 0.19256275 6.3143373 0.48843869 -0.00018605192
5.7263889 368.67778 95.407685 0.19254479 6.3142355 0.48446976 -0.00017411405
5.7361111 369.22222 95.435526 0.19252647 6.314141 0.48049158 -0.00016218855
5.7458333 369.76667 95.463121 0.19250782 6.3140535 0.47650369 -0.0001502765
5.7555556 370.31111 95.490497 0.19248886 6.3139727 0.47248028 -0.00013836831
5.7652778 370.85556 95.517677 0.1924696 6.3138983 0.46844053 -0.00012653019
5.775 371.4 95.544678 0.19245005 6.3138303 0.46461346 -0.00011521509
5.7847222 371.94444 95.571514 0.19243021 6.3137683 0.46118221 -0.00010435429
5.7944444 372.48889 95.598197 0.19241009 6.3137123 0.45809061 -9.3850108e-05
5.8041667 373.03333 95.624738 0.19238971 6.3136621 0.45526821 -8.3641814e-05
5.8138889 373.57778 95.651144 0.19236906 6.3136175 0.45266145 -7.3686906e-05
5.8236111 374.12222 95.677424 0.19234814 6.3135785 0.45023142 -6.3953395e-05
5.8333333 374.66667 95.703566 0.19232696 6.313545 0.44794966 -5.4415818e-05
5.8430556 375.21111 95.729562 0.19230551 6.313517 0.44579505 -4.5052913e-05
5.8527778 375.75556 95.755431 0.19228379 6.3134944 0.44375166 -3.5846127e-05
5.8625 376.3 95.781183 0.19226181 6.3134771 0.44180734 -2.677857e-05
5.8722222 376.84444 95.806827 0.19223958 6.313465 0.43995277 -1.7834193e-05
5.8819444 377.38889 95.832369 0.19221709 6.313458 0.43818078 -8.9970668e-06
5.8916667 377.93333 95.857813 0.19219436 6.3134561 0.43648593 -2.5065757e-07
5.9013889 378.47778 95.883165 0.19217138 6.3134591 0.43486421 8.4229989e-06
5.9111111 379.02222 95.90843 0.19214816 6.3134671 0.43331487 1.7043543e-05
5.9208333 379.56667 95.933611 0.1921247 6.31348 0.43186545 2.5624397e-05
5.9305556 380.11111 95.958712 0.19210101 6.3134977 0.43050978 3.4192182e-05
5.9402778 380.65556 95.983738 0.19207708 6.3135202 0.42923836 4.2788322e-05
5.95 381.2 96.008692 0.19205294 6.3135475 0.4280492 5.1469759e-05
5.9597222 381.74444 96.033578 0.19202858 6.3135796 0.42694395 6.0319157e-05
5.9694444 382.28889 96.0584 0.192004 6.3136165 0.42592764 6.9466095e-05
5.9791667 382.83333 96.083162 0.19197921 6.3136583 0.42500952 7.9134988e-05
5.9888889 383.37778 96.107868 0.19195421 6.313705 0.42411928 9.002916e-05
5.9986111 383.92222 96.132522 0.19192902 6.3137567 0.42294428 0.00010357547
6.0083333 384.46667 96.15713 0.19190363 6.3138136 0.42155449 0.00012487729
6.0180556 385.01111 96.181697 0.19187804 6.313876 0.41952671 0.00043075456
6.0277778 385.55556 96.20623 0.19185228 6.3139442 0.39639153 0.00060641792
6.0375 386.1 96.230735 0.19182634 6.3140188 0.3530504 0.00069197107
6.0472222 386.64444 96.255223 0.19180023 6.3141006 0.31079476 0.00073118446
6.0569444 387.18889 96.279705 0.19177396 6.3141913 0.27482196 0.00073875593
6.0666667 387.73333 96.304196 0.19174755 6.314294 0.2512726 0.00073611543
6.0763889 388.27778 96.328479 0.19172085 6.3144197 0.238639 0.0007302571
6.0861111 388.82222 96.352383 0.19169378 6.3145876 0.23297266 0.00072335765
6.0958333 389.36667 96.376075 0.19166643 6.3150184 0.23128384 0.00071611754
6.1055556 389.91111 96.394214 0.19163565 6.3187655 0.23177798 0.00070876052
6.1152778 390.45556 96.383414 0.19158731 6.3200297 0.23344733 0.00070134571
6.125 391 96.364663 0.19153347 6.320724 0.23551255 0.00069441255
6.1347222 391.54444 96.348943 0.19148088 6.3209765 0.23717697 0.00068810374
6.1444444 392.08889 96.342788 0.19143362 6.3210349 0.23836534 0.00068202738
6.1541667 392.63333 96.3491 0.19139369 6.3210362 0.23915458 0.00067551202
6.1638889 393.17778 96.364566 0.19135932 6.3210227 0.2398893 0.00066716028
6.1736111 393.72222 96.385507 0.1913284 6.3210079 0.24056348 0.00065315047
6.1833333 394.26667 96.409491 0.1912995 6.3209965 0.24112872 0.00038975906
6.1930556 394.81111 96.435117 0.19127176 6.32099 0.258197 0.00019636086
6.2027778 395.35556 96.46159 0.19124469 6.3209903 0.29900277 0.00010998127
6.2125 395.9 96.488011 0.19121773 6.321005 0.3397189 7.1013424e-05
6.2222222 396.44444 96.51395 0.19119058 6.3210327 0.3748901 6.8085738e-05
6.2319444 396.98889 96.539434 0.19116324 6.3210721 0.39777412 7.7508965e-05
6.2416667 397.53333 96.564503 0.19113569 6.3211224 0.40897139 9.0945794e-05
6.2513889 398.07778 96.589181 0.19110794 6.3211831 0.41242416 0.00010577331
6.2611111 398.62222 96.613474 0.19107995 6.3212538 0.41132304 0.00012110743
6.2708333 399.16667 96.637354 0.19105169 6.3213342 0.40762397 0.00013661593
6.2805556 399.71111 96.660852 0.19102316 6.321424 0.40243538 0.00015214587
6.2902778 400.25556 96.683983 0.19099432 6.3215227 0.39652344 0.00016718429
6.3 400.8 96.706761 0.19096518 6.3216298 0.39076652 0.00018126754
6.3097222 401.34444 96.729201 0.19093573 6.3217448 0.38530755 0.00019457878
6.3194444 401.88889 96.751319 0.19090596 6.3218674 0.38011831 0.00020719616
6.3291667 402.43333 96.773131 0.19087587 6.3219969 0.37517991 0.00021916015
6.3388889 402.97778 96.794657 0.19084547 6.322133 0.37048666 0.00023049698
6.3486111 403.52222 96.815916 0.19081476 6.3222753 0.36606801 0.00024122288
6.3583333 404.06667 96.836928 0.19078375 6.3224233 0.36193614 0.00025135305
6.3680556 404.61111 96.857711 0.19075244 6.3225768 0.35807453 0.00026091629
6.3777778 405.15556 96.878284 0.19072086 6.3227353 0.35447795 0.00026994605
6.3875 405.7 96.898666 0.190689 6.3228986 0.35114095 0.00027847642
6.3972222 406.24444 96.918872 0.19065687 6.3230664 0.34805587 0.00028654724
6.4069444 406.78889 96.938917 0.19062449 6.3232385 0.34521266 0.0002941968
6.4166667 407.33333 96.958817 0.19059187 6.3234147 0.34259927 0.00030146287
6.4263889 407.87778 96.978584 0.19055902 6.3235948 0.34020211 0.00030838207
6.4361111 408.42222 96.998231 0.19052593 6.3237785 0.33800672 0.0003149893
6.4458333 408.96667 97.017766 0.19049263 6.3239658 0.33599822 0.00032131739
6.4555556 409.51111 97.037202 0.19045912 6.3241566 0.33416182 0.00032739692
6.4652778 410.05556 97.056545 0.19042541 6.3243506 0.33248316 0.00033325617
6.475 410.6 97.075804 0.1903915 6.3245478 0.33080727 0.00033917718
6.4847222 411.14444 97.094986 0.1903574 6.3247482 0.32883397 0.00034536328
6.4944444 411.68889 97.114098 0.19032312 6.3249515 0.32664668 0.00035171548
6.5041667 412.23333 97.133145 0.19028867 6.3251579 0.32433289 0.00035818845
6.5138889 412.77778 97.152132 0.19025404 6.3253671 0.32194524 0.00036475943
6.5236111 413.32222 97.171064 0.19021925 6.3255792 0.31950278 0.00037141937
6.5333333 413.86667 97.189946 0.19018431 6.325794 0.31700626 0.00037817251
6.5430556 414.41111 97.208781 0.1901492 6.3260117 0.31448894 0.0003850221
6.5527778 414.95556 97.227561 0.19011394 6.3262325 0.31196461 0.00039197398
6.5625 415.5 97.24599 0.19007835 6.3264602 0.30944194 0.00039903853
6.5722222 416.04444 97.26398 0.19004237 6.3266944 0.30692736 0.00040623155
6.5819444 416.58889 97.28165 0.19000607 6.3269341 0.30442623 0.00041357577
6.5916667 417.13333 97.299085 0.1899695 6.3271788 0.30194355 0.00042110352
6.6013889 417.67778 97.316339 0.18993268 6.3274281 0.29948449 0.00042886138
6.6111111 418.22222 97.333419 0.18989561 6.3276819 0.29705503 0.00043691851
6.6208333 418.76667 97.35036 0.1898583 6.3279401 0.29466261 0.0004453826
6.6305556 419.31111 97.367194 0.18982075 6.3282026 0.29231725 0.00045443345
6.6402778 419.85556 97.383941 0.18978299 6.3284693 0.29012807 0.00046421549
6.65 420.4 97.400613 0.189745 6.3287404 0.28844032 0.0004751983
6.6597222 420.94444 97.417225 0.18970681 6.3290159 0.28722762 0.00048973344
6.6694444 421.48889 97.433787 0.18966842 6.329296 0.28647506 0.00053488452
6.6791667 422.03333 97.450309 0.18962984 6.329581 0.27950601 0.00099433582
6.6888889 422.57778 97.466802 0.18959108 6.3298714 0.25055849 0.0010981509
6.6986111 423.12222 97.483276 0.18955215 6.330168 0.22191906 0.0011476413
6.7083333 423.66667 97.499744 0.18951305 6.3304722 0.19612504 0.0011619384
6.7180556 424.21111 97.516222 0.1894738 6.3307861 0.17851433 0.0011640548
6.7277778 424.75556 97.532729 0.18943442 6.3311142 0.16864095 0.0011623823
6.7375 425.3 97.549298 0.18939493 6.3314678 0.16326848 0.0011590049
6.7472222 425.84444 97.565986 0.18935536 6.3318916 0.16022853 0.0011543745
6.7569444 426.38889 97.582633 0.18931562 6.3359253 0.15846615 0.0011485572
6.7666667 426.93333 97.582134 0.18926547 6.3378781 0.15753032 0.001141549
6.7763889 427.47778 97.568939 0.18920722 6.3388956 0.15724203 0.0011333467
6.7861111 428.02222 97.558146 0.18915007 6.3394667 0.15752806 0.0011239468
6.7958333 428.56667 97.552237 0.18909571 6.3398008 0.1583441 0.0011133123
6.8055556 429.11111 97.555087 0.18904662 6.3400671 0.15964016 0.001101294
6.8152778 429.65556 97.564181 0.18900143 6.3403124 0.16134499 0.0010874147
6.825 430.2 97.576616 0.18895846 6.3405479 0.16335608 0.0010700055
6.8347222 430.74444 97.590776 0.18891672 6.3407759 0.16551663 0.0010357685
6.8444444 431.28889 97.605929 0.18887575 6.340997 0.17168706 0.00057796022
6.8541667 431.83333 97.621781 0.18883534 6.3412114 0.20098909 0.00045767346
6.8638889 432.37778 97.638221 0.18879541 6.3414199 0.23236401 0.0003979279
6.8736111 432.92222 97.655207 0.18875592 6.3416236 0.26129134 0.00037672199
6.8833333 433.46667 97.672711 0.18871682 6.341824 0.28265112 0.00037037768
6.8930556 434.01111 97.690694 0.18867806 6.3420224 0.29580333 0.00036880065
6.9027778 434.55556 97.709102 0.1886396 6.3422207 0.30391382 0.00036944116
6.9125 435.1 97.727867 0.18860138 6.3424205 0.30929999 0.00037171551
6.9222222 435.64444 97.746908 0.18856333 6.3426234 0.31311083 0.00037549679
6.9319444 436.18889 97.766139 0.18852537 6.3428307 0.3158364 0.00038073327
6.9416667 436.73333 97.785473 0.18848744 6.3430437 0.3176641 0.00038738546
6.9513889 437.27778 97.80483 0.18844948 6.3432632 0.31861322 0.00039547437
6.9611111 437.82222 97.824135 0.18841142 6.3434899 0.31822401 0.00040534515
6.9708333 438.36667 97.843327 0.18837321 6.3437243 0.31653654 0.00041679012
6.9805556 438.91111 97.862353 0.18833481 6.3439667 0.31374632 0.000429518
6.9902778 439.45556 97.881177 0.18829618 6.344217 0.31000201 0.00044325271
7 440 97.899769 0.1882573 6.3444754 0.30544131 0.00045773507
7.0097222 440 97.918114 0.18821815 6.3447415 0.30020129 0.00047273209
7.0194444 440 97.936203 0.18817871 6.3450152 0.29441748 0.00048804387
7.0291667 440 97.954027 0.18813898 6.3452971 0.28821989 0.0005035102
7.0388889 440 97.971369 0.18809882 6.3455897 0.28172895 0.00051901397
7.0486111 440 97.987826 0.18805794 6.3458962 0.27505255 0.00053448412
7.0583333 440 98.003564 0.18801642 6.3462152 0.26828458 0.00054990008
7.0680556 440 98.018699 0.18797434 6.3465453 0.2615049 0.00056530117
7.0777778 440 98.033307 0.18793172 6.3468857 0.25478051 0.00058080839
7.0875 440 98.047445 0.18788861 6.3472353 0.24816814 0.00059667763
7.0972222 440 98.061165 0.18784504 6.3475934 0.24171861 0.00061344297
7.1069444 440 98.074513 0.18780103 6.3479595 0.23548714 0.0006324099
7.1166667 440 98.087534 0.18775662 6.3483329 0.22957509 0.00065895184
7.1263889 440 98.100268 0.18771184 6.3487135 0.22238276 0.0008919192
7.1361111 440 98.112752 0.18766672 6.3491013 0.170507 0.0011383862
7.1458333 440 98.125023 0.1876213 6.3494965 0.102901 0.0012549019
7.1555556 440 98.137114 0.18757559 6.3499 0.054398553 0.0013223915
7.1652778 440 98.149058 0.18752963 6.3503134 0.015472801 0.001336682
7.175 440 98.16089 0.18748346 6.35074 -0.0076277576 0.0013188516
7.1847222 440 98.172652 0.1874371 6.3511873 -0.011984124 0.0012920518
7.1944444 440 98.1844 0.1873906 6.3516772 -0.0046033878 0.0012639582
7.2041667 440 98.196239 0.18734403 6.3523812 0.008278143 0.0012372308
7.2138889 440 98.192978 0.18728831 6.3560773 0.021980792 0.0012135712
7.2236111 440 98.140989 0.1872029 6.3581466 0.034939433 0.0011926553
7.2333333 440 98.096694 0.18712172 6.359373 0.04677955 0.0011739483
7.2430556 440 98.067938 0.18705009 6.3601874 0.057385035 0.0011569247
7.2527778 440 98.048494 0.18698448 6.3604955 0.066758327 0.0011410111
7.2625 440 98.047803 0.18693068 6.36062 0.074950748 0.0011254469
7.2722222 440 98.062788 0.18688701 6.3607064 0.08202374 0.0011088481
7.2819444 440 98.086236 0.18684913 6.3608012 0.088017893 0.0010868131
7.2916667 440 98.112663 0.18681362 6.3609259 0.093604992 0.00090659733
7.3013889 440 98.138639 0.18677832 6.3610885 0.13710512 0.00063149436
7.3111111 440 98.163443 0.18674266 6.3612836 0.20609788 0.00050514757
7.3208333 440 98.186874 0.1867064 6.3615066 0.2565314 0.00043402958
7.3305556 440 98.20891 0.18666943 6.3617537 0.29613909 0.00041318642
7.3402778 440 98.229616 0.18663169 6.3620216 0.3214792 0.00042952426
7.35 440 98.24909 0.18659318 6.3623075 0.32744985 0.00045651138
7.3597222 440 98.267444 0.18655392 6.362609 0.32055356 0.00048511293
7.3694444 440 98.284787 0.18651393 6.362924 0.30731448 0.00051231301
7.3791667 440 98.301222 0.18647324 6.3632507 0.29269348 0.00053617386
7.3888889 440 98.316848 0.1864319 6.3635876 0.27866258 0.00055678631
7.3986111 440 98.331751 0.18638996 6.3639332 0.26565452 0.00057460733
7.4083333 440 98.346012 0.18634745 6.3642865 0.25380549 0.00059002795
7.4180556 440 98.359701 0.18630443 6.3646463 0.24311544 0.00060337997
7.4277778 440 98.372882 0.18626092 6.3650118 0.23352227 0.00061494509
7.4375 440 98.385612 0.18621698 6.3653822 0.22493875 0.00062496409
7.4472222 440 98.397941 0.18617263 6.3657569 0.2172704 0.00063364432
7.4569444 440 98.409912 0.18612792 6.3661353 0.21042382 0.00064116521
7.4666667 440 98.421564 0.18608288 6.3665169 0.20431059 0.00064768257
7.4763889 440 98.432932 0.18603753 6.3669013 0.19884894 0.00065333179
7.4861111 440 98.444045 0.1859919 6.3672881 0.19395145 0.00065823098
7.4958333 440 98.45493 0.18594602 6.3676769 0.18954033 0.00066248548
7.5055556 440 98.46561 0.18589992 6.3680676 0.18557459 0.00066618519
7.5152778 440 98.476105 0.18585361 6.3684598 0.18200189 0.00066940665
7.525 440 98.486432 0.18580711 6.3688534 0.17877538 0.00067221589
7.5347222 440 98.496608 0.18576044 6.3692483 0.17585361 0.00067466997
7.5444444 440 98.506645 0.18571362 6.3696441 0.17320004 0.00067681818
7.5541667 440 98.516556 0.18566667 6.3700409 0.17078258 0.00067870312
7.5638889 440 98.526352 0.18561959 6.3704385 0.16857312 0.00068036158
7.5736111 440 98.536014 0.18557233 6.3708368 0.16654705 0.00068182536
7.5833333 440 98.545567 0.18552491 6.3712358 0.16468287 0.00068312195
7.5930556 440 98.555026 0.18547736 6.3716355 0.16296186 0.00068427515
7.6027778 440 98.564398 0.18542971 6.3720356 0.1613156 0.00068536038
7.6125 440 98.57369 0.18538197 6.3724363 0.15947947 0.00068658027
7.6222222 440 98.582907 0.18533417 6.3728373 0.15754403 0.0006878901
7.6319444 440 98.592054 0.1852863 6.3732388 0.15557727 0.00068925841
7.6416667 440 98.601136 0.18523838 6.3736406 0.15360979 0.00069066987
7.6513889 440 98.610156 0.18519041 6.3740428 0.15166492 0.00069211658
7.6611111 440 98.619118 0.1851424 6.3744452 0.14976898 0.00069359209
7.6708333 440 98.628025 0.18509437 6.374848 0.1479032 0.00069509357
7.6805556 440 98.63688 0.1850463 6.375251 0.14606756 0.00069662153
7.6902778 440 98.645515 0.18499812 6.3756558 0.14426177 0.00069817774
7.7 440 98.65382 0.18494973 6.3760631 0.14248509 0.00069976469
7.7097222 440 98.661922 0.18490123 6.3764722 0.14073659 0.00070138541
7.7194444 440 98.669881 0.18485261 6.3768828 0.13901529 0.00070304345
7.7291667 440 98.67773 0.18480391 6.3772945 0.13732022 0.00070474285
7.7388889 440 98.68549 0.18475513 6.3777074 0.13565055 0.00070648827
7.7486111 440 98.693174 0.18470627 6.3781211 0.13400556 0.00070828511
7.7583333 440 98.700793 0.18465735 6.3785358 0.1323847 0.00071013963
7.7680556 440 98.708355 0.18460837 6.3789513 0.13081375 0.00071202767
7.7777778 440 98.715864 0.18455933 6.3793675 0.12955519 0.00071375818
7.7875 440 98.723327 0.18451025 6.3797846 0.12853712 0.00071538525
7.7972222 440 98.730747 0.18446112 6.3802023 0.12767182 0.00071697108
7.8069444 440 98.738128 0.18441196 6.3806209 0.12691631 0.00071856123
7.8166667 440 98.745473 0.18436276 6.3810402 0.12624668 0.00072019581
7.8263889 440 98.752784 0.18431354 6.3814603 0.12564881 0.00072191536
7.8361111 440 98.760064 0.1842643 6.3818812 0.12511433 0.00072376555
7.8458333 440 98.767316 0.18421504 6.382303 0.12463874 0.00072580253
7.8555556 440 98.774541 0.18416577 6.3827257 0.12422057 0.00072810045
7.8652778 440 98.781744 0.18411649 6.3831494 0.12386114 0.00073076416
7.875 440 98.788925 0.1840672 6.3835743 0.12356484 0.0007339529
7.8847222 440 98.796087 0.18401792 6.3840005 0.12334016 0.00073793054
7.8944444 440 98.803234 0.18396863 6.3844282 0.12320194 0.00074319011
7.9041667 440 98.810368 0.18391935 6.3848575 0.12317662 0.00075084716
7.9138889 440 98.817493 0.18387008 6.3852889 0.1233169 0.00076462922
7.9236111 440 98.824612 0.18382083 6.3857226 0.12352824 0.00089216576
7.9333333 440 98.83173 0.18377159 6.3861594 0.083544856 0.0011922893
7.9430556 440 98.838854 0.18372238 6.3865999 0.015289831 0.0013292574
7.9527778 440 98.84599 0.18367319 6.3870455 -0.026851264 0.0014009461
7.9625 440 98.853149 0.18362405 6.387498 -0.056222047 0.0014366163
7.9722222 440 98.860345 0.18357494 6.3879609 -0.07847753 0.001425289
7.9819444 440 98.867601 0.18352589 6.3884409 -0.082549277 0.0013970398
7.9916667 440 98.874953 0.18347693 6.3889555 -0.073093042 0.0013653841
8.0013889 440 98.882481 0.18342809 6.3895889 -0.05779045 0.0013349811
8.0111111 440 98.882591 0.18337485 6.3927595 -0.041984359 0.0013077585
8.0208333 440 98.82543 0.18328744 6.3952963 -0.026989338 0.0012834215
8.0305556 440 98.774985 0.18320437 6.3967381 -0.013265776 0.0012614792
8.0402778 440 98.748163 0.18313616 6.3977423 -0.00092613451 0.0012414003
8.05 440 98.727434 0.18307247 6.3982943 0.010065122 0.0012226078
8.0597222 440 98.719806 0.18301749 6.3985082 0.019793301 0.0012043739
8.0694444 440 98.729679 0.18297382 6.3986314 0.028346813 0.0011854852
8.0791667 440 98.749681 0.18293697 6.3987468 0.035787938 0.0011627304
8.0888889 440 98.772625 0.18290251 6.3988898 0.042096595 0.0010871612
8.0986111 440 98.795293 0.18286834 6.3990668 0.078132573 0.00074405721
8.1083333 440 98.816895 0.18283382 6.3992743 0.15345534 0.00058460981
8.1180556 440 98.837161 0.18279861 6.3995082 0.20370816 0.0005001754
8.1277778 440 98.856069 0.18276259 6.3997651 0.23777307 0.00045177171
8.1375 440 98.873698 0.1827257 6.4000417 0.26558602 0.00045281023
8.1472222 440 98.890158 0.18268795 6.4003355 0.27536261 0.00047465394
8.1569444 440 98.905565 0.18264938 6.4006442 0.27007695 0.00050133928
8.1666667 440 98.920027 0.18261001 6.4009661 0.25754338 0.000527486
8.1763889 440 98.933644 0.18256989 6.4012995 0.24373609 0.00055065162
8.1861111 440 98.946503 0.18252909 6.401643 0.23032511 0.00057088774
8.1958333 440 98.958684 0.18248764 6.4019954 0.2178692 0.0005885404
8.2055556 440 98.970257 0.1824456 6.4023557 0.20653433 0.00060396171
8.2152778 440 98.981284 0.18240301 6.4027228 0.1963115 0.00061746024
8.225 440 98.991823 0.18235992 6.403096 0.18712444 0.00062929487
8.2347222 440 99.001922 0.18231637 6.4034746 0.17887724 0.00063968153
8.2444444 440 99.011627 0.1822724 6.4038578 0.17147382 0.0006488018
8.2541667 440 99.020976 0.18222806 6.4042452 0.16482493 0.00065681034
8.2638889 440 99.030003 0.18218337 6.4046362 0.15884996 0.00066384048
8.2736111 440 99.038743 0.18213836 6.4050304 0.15347684 0.00067000831
8.2833333 440 99.047223 0.18209307 6.4054274 0.14864127 0.00067541566
8.2930556 440 99.05547 0.18204753 6.4058268 0.14428584 0.00068015229
8.3027778 440 99.063506 0.18200175 6.4062283 0.14035929 0.00068429753
8.3125 440 99.071354 0.18195578 6.4066317 0.13681577 0.00068792165
8.3222222 440 99.07903 0.18190961 6.4070366 0.13361424 0.00069108656
8.3319444 440 99.086552 0.18186329 6.407443 0.13071986 0.00069384444
8.3416667 440 99.093933 0.18181681 6.4078506 0.12810125 0.000696243
8.3513889 440 99.101187 0.18177021 6.4082592 0.12572881 0.00069832598
8.3611111 440 99.108325 0.1817235 6.4086687 0.12357595 0.00070013238
8.3708333 440 99.115357 0.18167668 6.409079 0.12161897 0.00070169678
8.3805556 440 99.122293 0.18162978 6.4094899 0.11983682 0.00070304983
8.3902778 440 99.129142 0.1815828 6.4099015 0.11821082 0.00070421863
8.4 440 99.135909 0.18153576 6.4103135 0.11668642 0.00070525506
8.4097222 440 99.142602 0.18148866 6.4107259 0.11499759 0.00070634173
8.4194444 440 99.149226 0.18144152 6.4111387 0.11325556 0.00070745758
8.4291667 440 99.155788 0.18139434 6.4115518 0.11152135 0.00070857967
8.4388889 440 99.162291 0.18134712 6.4119652 0.1098179 0.00070969942
8.4486111 440 99.168741 0.18129989 6.4123788 0.10815444 0.00071081477
8.4583333 440 99.17514 0.18125263 6.4127926 0.10653416 0.00071192693
8.4680556 440 99.181492 0.18120537 6.4132065 0.10495733 0.00071303884
8.4777778 440 99.187801 0.18115809 6.4136206 0.10342277 0.00071415442
8.4875 440 99.19392 0.18111073 6.4140358 0.10192862 0.00071527812
8.4972222 440 99.199739 0.18106318 6.4144531 0.10047271 0.00071641473
8.5069444 440 99.205396 0.1810155 6.4148717 0.099052816 0.00071756928
8.5166667 440 99.210945 0.18096773 6.4152913 0.097666806 0.00071874704
8.5263889 440 99.216412 0.18091986 6.4157119 0.096312681 0.00071995355
8.5361111 440 99.221813 0.18087192 6.4161332 0.094988635 0.00072119467
8.5458333 440 99.227161 0.18082391 6.4165552 0.09369307 0.00072247676
8.5555556 440 99.232463 0.18077585 6.4169778 0.092424612 0.00072380673
8.5652778 440 99.237724 0.18072774 6.4174009 0.09119623 0.00072517955
8.575 440 99.24295 0.18067958 6.4178246 0.090270527 0.00072643895
8.5847222 440 99.248144 0.1806314 6.4182488 0.089552323 0.00072761574
8.5944444 440 99.253309 0.18058319 6.4186735 0.088957633 0.0007287653
8.6041667 440 99.258448 0.18053496 6.4190987 0.088449828 0.00072992716
8.6138889 440 99.263564 0.18048672 6.4195245 0.088009413 0.00073113521
8.6236111 440 99.268658 0.18043847 6.4199509 0.087625058 0.0007324226
8.6333333 440 99.273734 0.18039021 6.4203778 0.087290046 0.00073382524
8.6430556 440 99.278792 0.18034196 6.4208054 0.087000647 0.00073538525
8.6527778 440 99.283834 0.1802937 6.4212337 0.086755348 0.00073715527
8.6625 440 99.288863 0.18024545 6.4216629 0.086554554 0.00073920488
8.6722222 440 99.29388 0.18019722 6.4220929 0.08640063 0.00074163114
8.6819444 440 99.298888 0.18014899 6.4225239 0.086298284 0.00074457766
8.6916667 440 99.303889 0.18010078 6.4229562 0.086255441 0.00074827289
8.7013889 440 99.308884 0.18005259 6.4233898 0.086285047 0.00075311708
8.7111111 440 99.313876 0.18000443 6.423825 0.086408934 0.00075992202
8.7208333 440 99.318869 0.17995629 6.4242621 0.086667537 0.000770823
8.7305556 440 99.323865 0.17990817 6.4247016 0.087153348 0.00079710462
8.7402778 440 99.328869 0.17986009 6.425144 0.078063498 0.0011781391
8.75 440 99.333886 0.17981204 6.4255901 0.018779914 0.001358638
8.7597222 440 99.338923 0.17976404 6.426041 -0.020689881 0.0014485074
8.7694444 440 99.343988 0.17971607 6.4264985 -0.042329315 0.0014974826
8.7791667 440 99.349093 0.17966816 6.4269654 -0.063366665 0.0015045681
8.7888889 440 99.354257 0.17962031 6.4274471 -0.072509456 0.0014883616
8.7986111 440 99.35951 0.17957253 6.4279554 -0.069164012 0.0014663837
8.8083333 440 99.364909 0.17952487 6.4285279 -0.060354172 0.0014440324
8.8180556 440 99.370608 0.1794774 6.4309841 -0.050694285 0.0014230814
8.8277778 440 99.342479 0.17940978 6.4343301 -0.041282508 0.0014034398
8.8375 440 99.291296 0.1793289 6.4360735 -0.032475283 0.0013847777
8.8472222 440 99.267525 0.17926562 6.4371939 -0.024324532 0.0013667304
8.8569444 440 99.251407 0.17920826 6.4379488 -0.016785163 0.0013489091
8.8666667 440 99.238956 0.17915425 6.4383177 -0.0097990469 0.0013308233
8.8763889 440 99.24098 0.17910985 6.4385547 -0.0033259969 0.0013116635
8.8861111 440 99.252525 0.17907195 6.4387661 0.0026418683 0.0012895562
8.8958333 440 99.266921 0.17903632 6.4389874 0.0080545854 0.0012564103
8.9055556 440 99.281555 0.17900113 6.4392258 0.017660357 0.00089849147
8.9152778 440 99.295742 0.17896574 6.4394795 0.078832021 0.00068553173
8.925 440 99.309298 0.17892988 6.4397461 0.12529192 0.00057758027
8.9347222 440 99.32224 0.17889346 6.4400235 0.15324806 0.00050652866
8.9444444 440 99.334634 0.17885648 6.4403102 0.18369966 0.00047459073
8.9541667 440 99.346551 0.17881893 6.4406052 0.20571393 0.00047292185
8.9638889 440 99.358047 0.17878085 6.4409077 0.212707 0.00048078468
8.9736111 440 99.369161 0.17874224 6.4412174 0.21116697 0.00049102989
8.9833333 440 99.379921 0.17870312 6.4415338 0.2073147 0.00050065446
8.9930556 440 99.390345 0.17866351 6.4418568 0.20289462 0.00050929284
