fpr_fusion tpr_fusion fpr_beta tpr_beta fpr_gamma tpr_gamma
0 0.0009765625 0 0.0009765625 0 0.0009765625
0 0.0068359375 0 0.0068359375 0 0.0068359375
0 0.012695312 0 0.012695312 0 0.012695312
0 0.018554688 0 0.018554688 0 0.018554688
0 0.024414062 0 0.024414062 0 0.024414062
0 0.030273438 0 0.030273438 0 0.030273438
0 0.036132812 0 0.036132812 0 0.036132812
0 0.041992188 0 0.041992188 0 0.041992188
0 0.047851562 0 0.047851562 0 0.047851562
0 0.053710938 0 0.053710938 0 0.053710938
0 0.059570312 0 0.059570312 0 0.059570312
0 0.065429688 0 0.065429688 0 0.065429688
0 0.071289062 0 0.071289062 0 0.071289062
0 0.077148438 0 0.077148438 0 0.077148438
0 0.083007812 0 0.083007812 0 0.083007812
0 0.088867188 0 0.088867188 0 0.088867188
0 0.094726562 0 0.094726562 0 0.094726562
0 0.10058594 0 0.10058594 0 0.10058594
0 0.10644531 0 0.10644531 0 0.10644531
0 0.11230469 0 0.11230469 0 0.11230469
0 0.11816406 0 0.11816406 0 0.11816406
0 0.12402344 0 0.12402344 0 0.12402344
0 0.12988281 0 0.12988281 0 0.12988281
0 0.13574219 0 0.13574219 0 0.13574219
0 0.14160156 0 0.14160156 0 0.14160156
0 0.14746094 0 0.14746094 0 0.14746094
0 0.15332031 0 0.15332031 0 0.15332031
0 0.15917969 0 0.15917969 0 0.15917969
0 0.16503906 0 0.16503906 0 0.16503906
0 0.17089844 0 0.17089844 0 0.17089844
0 0.17675781 0 0.17675781 0 0.17675781
0 0.18261719 0 0.18261719 0 0.18261719
0 0.18847656 0 0.18847656 0 0.18847656
0 0.19433594 0 0.19433594 0 0.19433594
0 0.20019531 0 0.20019531 0 0.20019531
0 0.20605469 0 0.20605469 0 0.20605469
0 0.21191406 0 0.21191406 0 0.21191406
0 0.21777344 0 0.21777344 0 0.21777344
0 0.22363281 0 0.22363281 0 0.22363281
0 0.22949219 0 0.22949219 0 0.22949219
0 0.23535156 0 0.23535156 0 0.23535156
0 0.24121094 0 0.24121094 0 0.24121094
0 0.24707031 0 0.24707031 0 0.24707031
0 0.25292969 0 0.25292969 0 0.25292969
0 0.25878906 0 0.25878906 0 0.25878906
0 0.26464844 0 0.26464844 0 0.26464844
0 0.27050781 0 0.27050781 0 0.27050781
0 0.27636719 0 0.27636719 0 0.27636719
0 0.28222656 0 0.28222656 0 0.28222656
0 0.28808594 0 0.28808594 0 0.28808594
0 0.29394531 0 0.29394531 0 0.29394531
0 0.29980469 0 0.29980469 0 0.29980469
0 0.30566406 0 0.30566406 0 0.30566406
0 0.31152344 0 0.31152344 0 0.31152344
0 0.31738281 0 0.31738281 0 0.31738281
0 0.32324219 0 0.32324219 0 0.32324219
0 0.32910156 0 0.32910156 0 0.32910156
0 0.33496094 0 0.33496094 0 0.33496094
0 0.34082031 0 0.34082031 0 0.34082031
0 0.34667969 0 0.34667969 0 0.34667969
0 0.35253906 0 0.35253906 0 0.35253906
0 0.35839844 0 0.35839844 0 0.35839844
0 0.36425781 0 0.36425781 0 0.36425781
0 0.37011719 0 0.37011719 0 0.37011719
0 0.37597656 0 0.37597656 0 0.37597656
0 0.38183594 0 0.38183594 0 0.38183594
0 0.38769531 0 0.38769531 0 0.38769531
0 0.39355469 0 0.39355469 0 0.39355469
0 0.39941406 0 0.39941406 0 0.39941406
0 0.40527344 0 0.40527344 0 0.40527344
0 0.41113281 0 0.41113281 0 0.41113281
0 0.41699219 0 0.41699219 0 0.41699219
0 0.42285156 0 0.42285156 0 0.42285156
0 0.42871094 0 0.42871094 0 0.42871094
0 0.43457031 0 0.43457031 0 0.43457031
0 0.44042969 0 0.44042969 0 0.44042969
0 0.44628906 0 0.44628906 0 0.44628906
0 0.45214844 0 0.45214844 0 0.45214844
0 0.45800781 0 0.45800781 0 0.45800781
0 0.46386719 0 0.46386719 0 0.46386719
0 0.46972656 0 0.46972656 0 0.46972656
0 0.47558594 0 0.47558594 0 0.47558594
0 0.48144531 0 0.48144531 0 0.48144531
0 0.48730469 0 0.48730469 0 0.48730469
0 0.49316406 0 0.49316406 0 0.49316406
0 0.49902344 0 0.49902344 0 0.49902344
0 0.50488281 0 0.50488281 0 0.50488281
0 0.51074219 0 0.51074219 0 0.51074219
0 0.51660156 0 0.51660156 0 0.51660156
0 0.52246094 0 0.52246094 0 0.52246094
0 0.52832031 0 0.52832031 0 0.52832031
0 0.53417969 0 0.53417969 0 0.53417969
0 0.54003906 0 0.54003906 0 0.54003906
0 0.54589844 0 0.54589844 0 0.54589844
0 0.55175781 0 0.55175781 0 0.55175781
0 0.55761719 0 0.55761719 0 0.55761719
0 0.56347656 0 0.56347656 0 0.56347656
0 0.56933594 0 0.56933594 0 0.56933594
0 0.57519531 0 0.57519531 0 0.57519531
0 0.58105469 0 0.58105469 0 0.58105469
0 0.58691406 0 0.58691406 0 0.58691406
0 0.59277344 0 0.59277344 0 0.59277344
0 0.59863281 0 0.59863281 0 0.59863281
0 0.60449219 0 0.60449219 0 0.60449219
0 0.61035156 0 0.61035156 0 0.61035156
0 0.61621094 0 0.61621094 0 0.61621094
0 0.62207031 0 0.62207031 0 0.62207031
0 0.62792969 0 0.62792969 0 0.62792969
0 0.63378906 0 0.63378906 0 0.63378906
0 0.63964844 0 0.63964844 0 0.63964844
0 0.64550781 0 0.64550781 0 0.64550781
0 0.65136719 0 0.65136719 0 0.65136719
0 0.65722656 0 0.65722656 0 0.65722656
0 0.66308594 0 0.66308594 0 0.66308594
0 0.66894531 0 0.66894531 0 0.66894531
0 0.67480469 0 0.67480469 0 0.67480469
0 0.68066406 0 0.68066406 0 0.68066406
0 0.68652344 0 0.68652344 0 0.68652344
0 0.69238281 0 0.69238281 0 0.69238281
0 0.69824219 0 0.69824219 0 0.69824219
0 0.70410156 0 0.70410156 0 0.70410156
0 0.70996094 0 0.70996094 0 0.70996094
0 0.71582031 0 0.71582031 0 0.71582031
0 0.72167969 0 0.72167969 0 0.72167969
0 0.72753906 0 0.72753906 0 0.72753906
0 0.73339844 0 0.73339844 0 0.73339844
0 0.73925781 0 0.73925781 0 0.73925781
0 0.74511719 0 0.74511719 0 0.74511719
0 0.75097656 0 0.75097656 0 0.75097656
0 0.75683594 0 0.75683594 0 0.75683594
0 0.76269531 0 0.76269531 0 0.76269531
0 0.76855469 0 0.76855469 0 0.76855469
0 0.77441406 0 0.77441406 0 0.77441406
0 0.78027344 0 0.78027344 0 0.78027344
0 0.78613281 0 0.78613281 0 0.78613281
0 0.79199219 0 0.79199219 0 0.79199219
0 0.79785156 0 0.79785156 0 0.79785156
0 0.80371094 0 0.80371094 0 0.80371094
0 0.80957031 0 0.80957031 0 0.80957031
0 0.81542969 0 0.81542969 0 0.81542969
0 0.82128906 0 0.82128906 0 0.82128906
0 0.82714844 0 0.82714844 0 0.82714844
0 0.83300781 0 0.83300781 0 0.83300781
0 0.83886719 0 0.83886719 0 0.83886719
0 0.84472656 0 0.84472656 0 0.84472656
0 0.85058594 0 0.85058594 0 0.85058594
0 0.85644531 0 0.85644531 0 0.85644531
0 0.86230469 0 0.86230469 0 0.86230469
0 0.86816406 0 0.86816406 0 0.86816406
0 0.87402344 0 0.87402344 0 0.87402344
0 0.87988281 0 0.87988281 0 0.87988281
0 0.88574219 0 0.88574219 0 0.88574219
0 0.89160156 0 0.89160156 0 0.89160156
0 0.89746094 0 0.89746094 0 0.89746094
0 0.90332031 0 0.90332031 0 0.90332031
0 0.90917969 0 0.90917969 0 0.90917969
0 0.91503906 0 0.91503906 0 0.91503906
0 0.92089844 0 0.92089844 0 0.92089844
0 0.92675781 0 0.92675781 0 0.92675781
0 0.93261719 0 0.93261719 0 0.93261719
0 0.93847656 0 0.93847656 0 0.93847656
0 0.94433594 0 0.94433594 0 0.94433594
0 0.95019531 0 0.95019531 0 0.95019531
0 0.95605469 0 0.95605469 0 0.95605469
0 0.96191406 0 0.96191406 0 0.96191406
0 0.96777344 0 0.96777344 0 0.96777344
0 0.97363281 0 0.97363281 0 0.97363281
0 0.97949219 0 0.97949219 0 0.97949219
0 0.98535156 0 0.98535156 0 0.98535156
0 0.99121094 0 0.99121094 0 0.99121094
0 0.99707031 0 0.99707031 0 0.99707031
0.0029296875 1 0.0029296875 1 0.0029296875 1
0.0087890625 1 0.0087890625 1 0.0087890625 1
0.014648438 1 0.014648438 1 0.014648438 1
0.020507812 1 0.020507812 1 0.020507812 1
0.026367188 1 0.026367188 1 0.026367188 1
0.032226562 1 0.032226562 1 0.032226562 1
0.038085938 1 0.038085938 1 0.038085938 1
0.043945312 1 0.043945312 1 0.043945312 1
0.049804688 1 0.049804688 1 0.049804688 1
0.055664062 1 0.055664062 1 0.055664062 1
0.061523438 1 0.061523438 1 0.061523438 1
0.067382812 1 0.067382812 1 0.067382812 1
0.073242188 1 0.073242188 1 0.073242188 1
0.079101562 1 0.079101562 1 0.079101562 1
0.084960938 1 0.084960938 1 0.084960938 1
0.090820312 1 0.090820312 1 0.090820312 1
0.096679688 1 0.096679688 1 0.096679688 1
0.10253906 1 0.10253906 1 0.10253906 1
0.10839844 1 0.10839844 1 0.10839844 1
0.11425781 1 0.11425781 1 0.11425781 1
0.12011719 1 0.12011719 1 0.12011719 1
0.12597656 1 0.12597656 1 0.12597656 1
0.13183594 1 0.13183594 1 0.13183594 1
0.13769531 1 0.13769531 1 0.13769531 1
0.14355469 1 0.14355469 1 0.14355469 1
0.14941406 1 0.14941406 1 0.14941406 1
0.15527344 1 0.15527344 1 0.15527344 1
0.16113281 1 0.16113281 1 0.16113281 1
0.16699219 1 0.16699219 1 0.16699219 1
0.17285156 1 0.17285156 1 0.17285156 1
0.17871094 1 0.17871094 1 0.17871094 1
0.18457031 1 0.18457031 1 0.18457031 1
0.19042969 1 0.19042969 1 0.19042969 1
0.19628906 1 0.19628906 1 0.19628906 1
0.20214844 1 0.20214844 1 0.20214844 1
0.20800781 1 0.20800781 1 0.20800781 1
0.21386719 1 0.21386719 1 0.21386719 1
0.21972656 1 0.21972656 1 0.21972656 1
0.22558594 1 0.22558594 1 0.22558594 1
0.23144531 1 0.23144531 1 0.23144531 1
0.23730469 1 0.23730469 1 0.23730469 1
0.24316406 1 0.24316406 1 0.24316406 1
0.24902344 1 0.24902344 1 0.24902344 1
0.25488281 1 0.25488281 1 0.25488281 1
0.26074219 1 0.26074219 1 0.26074219 1
0.26660156 1 0.26660156 1 0.26660156 1
0.27246094 1 0.27246094 1 0.27246094 1
0.27832031 1 0.27832031 1 0.27832031 1
0.28417969 1 0.28417969 1 0.28417969 1
0.29003906 1 0.29003906 1 0.29003906 1
0.29589844 1 0.29589844 1 0.29589844 1
0.30175781 1 0.30175781 1 0.30175781 1
0.30761719 1 0.30761719 1 0.30761719 1
0.31347656 1 0.31347656 1 0.31347656 1
0.31933594 1 0.31933594 1 0.31933594 1
0.32519531 1 0.32519531 1 0.32519531 1
0.33105469 1 0.33105469 1 0.33105469 1
0.33691406 1 0.33691406 1 0.33691406 1
0.34277344 1 0.34277344 1 0.34277344 1
0.34863281 1 0.34863281 1 0.34863281 1
0.35449219 1 0.35449219 1 0.35449219 1
0.36035156 1 0.36035156 1 0.36035156 1
0.36621094 1 0.36621094 1 0.36621094 1
0.37207031 1 0.37207031 1 0.37207031 1
0.37792969 1 0.37792969 1 0.37792969 1
0.38378906 1 0.38378906 1 0.38378906 1
0.38964844 1 0.38964844 1 0.38964844 1
0.39550781 1 0.39550781 1 0.39550781 1
0.40136719 1 0.40136719 1 0.40136719 1
0.40722656 1 0.40722656 1 0.40722656 1
0.41308594 1 0.41308594 1 0.41308594 1
0.41894531 1 0.41894531 1 0.41894531 1
0.42480469 1 0.42480469 1 0.42480469 1
0.43066406 1 0.43066406 1 0.43066406 1
0.43652344 1 0.43652344 1 0.43652344 1
0.44238281 1 0.44238281 1 0.44238281 1
0.44824219 1 0.44824219 1 0.44824219 1
0.45410156 1 0.45410156 1 0.45410156 1
0.45996094 1 0.45996094 1 0.45996094 1
0.46582031 1 0.46582031 1 0.46582031 1
0.47167969 1 0.47167969 1 0.47167969 1
0.47753906 1 0.47753906 1 0.47753906 1
0.48339844 1 0.48339844 1 0.48339844 1
0.48925781 1 0.48925781 1 0.48925781 1
0.49511719 1 0.49511719 1 0.49511719 1
0.50097656 1 0.50097656 1 0.50097656 1
0.50683594 1 0.50683594 1 0.50683594 1
0.51269531 1 0.51269531 1 0.51269531 1
0.51855469 1 0.51855469 1 0.51855469 1
0.52441406 1 0.52441406 1 0.52441406 1
0.53027344 1 0.53027344 1 0.53027344 1
0.53613281 1 0.53613281 1 0.53613281 1
0.54199219 1 0.54199219 1 0.54199219 1
0.54785156 1 0.54785156 1 0.54785156 1
0.55371094 1 0.55371094 1 0.55371094 1
0.55957031 1 0.55957031 1 0.55957031 1
0.56542969 1 0.56542969 1 0.56542969 1
0.57128906 1 0.57128906 1 0.57128906 1
0.57714844 1 0.57714844 1 0.57714844 1
0.58300781 1 0.58300781 1 0.58300781 1
0.58886719 1 0.58886719 1 0.58886719 1
0.59472656 1 0.59472656 1 0.59472656 1
0.60058594 1 0.60058594 1 0.60058594 1
0.60644531 1 0.60644531 1 0.60644531 1
0.61230469 1 0.61230469 1 0.61230469 1
0.61816406 1 0.61816406 1 0.61816406 1
0.62402344 1 0.62402344 1 0.62402344 1
0.62988281 1 0.62988281 1 0.62988281 1
0.63574219 1 0.63574219 1 0.63574219 1
0.64160156 1 0.64160156 1 0.64160156 1
0.64746094 1 0.64746094 1 0.64746094 1
0.65332031 1 0.65332031 1 0.65332031 1
0.65917969 1 0.65917969 1 0.65917969 1
0.66503906 1 0.66503906 1 0.66503906 1
0.67089844 1 0.67089844 1 0.67089844 1
0.67675781 1 0.67675781 1 0.67675781 1
0.68261719 1 0.68261719 1 0.68261719 1
0.68847656 1 0.68847656 1 0.68847656 1
0.69433594 1 0.69433594 1 0.69433594 1
0.70019531 1 0.70019531 1 0.70019531 1
0.70605469 1 0.70605469 1 0.70605469 1
0.71191406 1 0.71191406 1 0.71191406 1
0.71777344 1 0.71777344 1 0.71777344 1
0.72363281 1 0.72363281 1 0.72363281 1
0.72949219 1 0.72949219 1 0.72949219 1
0.73535156 1 0.73535156 1 0.73535156 1
0.74121094 1 0.74121094 1 0.74121094 1
0.74707031 1 0.74707031 1 0.74707031 1
0.75292969 1 0.75292969 1 0.75292969 1
0.75878906 1 0.75878906 1 0.75878906 1
0.76464844 1 0.76464844 1 0.76464844 1
0.77050781 1 0.77050781 1 0.77050781 1
0.77636719 1 0.77636719 1 0.77636719 1
0.78222656 1 0.78222656 1 0.78222656 1
0.78808594 1 0.78808594 1 0.78808594 1
0.79394531 1 0.79394531 1 0.79394531 1
0.79980469 1 0.79980469 1 0.79980469 1
0.80566406 1 0.80566406 1 0.80566406 1
0.81152344 1 0.81152344 1 0.81152344 1
0.81738281 1 0.81738281 1 0.81738281 1
0.82324219 1 0.82324219 1 0.82324219 1
0.82910156 1 0.82910156 1 0.82910156 1
0.83496094 1 0.83496094 1 0.83496094 1
0.84082031 1 0.84082031 1 0.84082031 1
0.84667969 1 0.84667969 1 0.84667969 1
0.85253906 1 0.85253906 1 0.85253906 1
0.85839844 1 0.85839844 1 0.85839844 1
0.86425781 1 0.86425781 1 0.86425781 1
0.87011719 1 0.87011719 1 0.87011719 1
0.87597656 1 0.87597656 1 0.87597656 1
0.88183594 1 0.88183594 1 0.88183594 1
0.88769531 1 0.88769531 1 0.88769531 1
0.89355469 1 0.89355469 1 0.89355469 1
0.89941406 1 0.89941406 1 0.89941406 1
0.90527344 1 0.90527344 1 0.90527344 1
0.91113281 1 0.91113281 1 0.91113281 1
0.91699219 1 0.91699219 1 0.91699219 1
0.92285156 1 0.92285156 1 0.92285156 1
0.92871094 1 0.92871094 1 0.92871094 1
0.93457031 1 0.93457031 1 0.93457031 1
0.94042969 1 0.94042969 1 0.94042969 1
0.94628906 1 0.94628906 1 0.94628906 1
0.95214844 1 0.95214844 1 0.95214844 1
0.95800781 1 0.95800781 1 0.95800781 1
0.96386719 1 0.96386719 1 0.96386719 1
0.96972656 1 0.96972656 1 0.96972656 1
0.97558594 1 0.97558594 1 0.97558594 1
0.98144531 1 0.98144531 1 0.98144531 1
0.98730469 1 0.98730469 1 0.98730469 1
0.99316406 1 0.99316406 1 0.99316406 1
0.99902344 1 0.99902344 1 0.99902344 1
