t Tsurf Tprobe theta dTdt dlnR
0 13.514719 19.272864 0.15139661 -0.32066972 0.00085363824
0.038888889 13.42877 19.198491 0.15137686 -0.32330133 0.00085259656
0.077777778 13.343711 19.123383 0.15135711 -0.32546053 0.00085090184
0.11666667 13.259548 19.046807 0.15133732 -0.32846247 0.00084773694
0.15555556 13.176292 18.969344 0.15131751 -0.33076928 0.00084315474
0.19444444 13.09395 18.891732 0.15129776 -0.33103636 0.00083767115
0.23333333 13.012531 18.814436 0.15127809 -0.32962769 0.00083181446
0.27222222 12.932044 18.737695 0.15125852 -0.32727312 0.00082585215
0.31111111 12.852497 18.661617 0.15123904 -0.32447337 0.00081991664
0.35 12.773898 18.586244 0.15121968 -0.32150368 0.00081407005
0.38888889 12.696255 18.511583 0.15120041 -0.31850346 0.00080833695
0.42777778 12.619577 18.437624 0.15118124 -0.31553899 0.00080272199
0.46666667 12.543871 18.364352 0.15116218 -0.31263857 0.00079721952
0.50555556 12.469145 18.291748 0.1511432 -0.30981107 0.00079181889
0.54444444 12.395407 18.219794 0.15112432 -0.30705571 0.00078650741
0.58333333 12.322665 18.148474 0.15110553 -0.30436711 0.00078127197
0.62222222 12.250925 18.077773 0.15108683 -0.30173801 0.00077609984
0.66111111 12.180197 18.007677 0.15106822 -0.29916061 0.00077097917
0.7 12.110486 17.938177 0.15104969 -0.29662729 0.00076589911
0.73888889 12.0418 17.869262 0.15103124 -0.29413094 0.00076084986
0.77777778 11.974146 17.800924 0.15101287 -0.29166508 0.00075582267
0.81666667 11.907532 17.733158 0.15099459 -0.28922391 0.0007508097
0.85555556 11.841964 17.665958 0.15097638 -0.28680226 0.00074580395
0.89444444 11.777448 17.599321 0.15095825 -0.28439558 0.00074079914
0.93333333 11.713992 17.533243 0.1509402 -0.28199984 0.0007357896
0.97222222 11.651603 17.467723 0.15092222 -0.27961151 0.00073077012
1.0111111 11.590286 17.402759 0.15090432 -0.27722746 0.0007257359
1.05 11.530048 17.338351 0.15088649 -0.27484497 0.00072068248
1.0888889 11.470895 17.274498 0.15086874 -0.27246163 0.00071560562
1.1277778 11.412834 17.211201 0.15085106 -0.2700753 0.00071050132
1.1666667 11.35587 17.148461 0.15083345 -0.26768411 0.00070536578
1.2055556 11.300009 17.08628 0.15081591 -0.26528639 0.00070019539
1.2444444 11.245258 17.024659 0.15079844 -0.26288067 0.00069498678
1.2833333 11.191621 16.9636 0.15078104 -0.26046563 0.00068973679
1.3222222 11.139105 16.903105 0.15076371 -0.2580401 0.0006844425
1.3611111 11.087714 16.843178 0.15074645 -0.25560303 0.00067910125
1.4 11.037455 16.78382 0.15072926 -0.25315347 0.00067371061
1.4388889 10.988331 16.725036 0.15071213 -0.25069058 0.00066826844
1.4777778 10.940349 16.666827 0.15069508 -0.2482136 0.00066277283
1.5166667 10.893514 16.609198 0.15067808 -0.24572185 0.00065722208
1.5555556 10.84783 16.552153 0.15066116 -0.24321472 0.00065161475
1.5944444 10.803301 16.495694 0.15064429 -0.24069165 0.00064594957
1.6333333 10.759934 16.439825 0.1506275 -0.23815217 0.00064022547
1.6722222 10.717731 16.384551 0.15061076 -0.23559585 0.00063444155
1.7111111 10.676698 16.329876 0.15059409 -0.23302231 0.00062859706
1.75 10.636838 16.275803 0.15057748 -0.23043123 0.00062269138
1.7888889 10.598157 16.222336 0.15056094 -0.22782231 0.00061672402
1.8277778 10.560657 16.169481 0.15054446 -0.22519532 0.00061069461
1.8666667 10.524343 16.11724 0.15052804 -0.22255006 0.00060460287
1.9055556 10.489218 16.065619 0.15051168 -0.21988637 0.00059844861
1.9444444 10.455287 16.014621 0.15049538 -0.21720411 0.00059223173
1.9833333 10.422552 15.964252 0.15047914 -0.21450319 0.00058595221
2.0222222 10.391017 15.914514 0.15046296 -0.21178355 0.00057961008
2.0611111 10.360686 15.865414 0.15044684 -0.20904513 0.00057320546
2.1 10.331561 15.816955 0.15043078 -0.20628792 0.00056673851
2.1388889 10.303645 15.769141 0.15041478 -0.20351194 0.00056020945
2.1777778 10.276942 15.721977 0.15039884 -0.20071722 0.00055361854
2.2166667 10.251454 15.675468 0.15038296 -0.1979038 0.00054696612
2.2555556 10.227184 15.629617 0.15036713 -0.19507175 0.00054025255
2.2944444 10.204134 15.584429 0.15035136 -0.19222116 0.00053347824
2.3333333 10.182307 15.539909 0.15033564 -0.18935214 0.00052664364
2.3722222 10.161705 15.49606 0.15031999 -0.18646481 0.00051974924
2.4111111 10.142329 15.452887 0.15030439 -0.1835593 0.00051279558
2.45 10.124183 15.410394 0.15028884 -0.18063575 0.00050578323
2.4888889 10.107268 15.368585 0.15027335 -0.17769432 0.00049871279
2.5277778 10.091586 15.327465 0.15025792 -0.17473519 0.00049158492
2.5666667 10.077138 15.287037 0.15024254 -0.17175855 0.00048440028
2.6055556 10.063926 15.247306 0.15022721 -0.16876457 0.0004771596
2.6444444 10.051951 15.208275 0.15021194 -0.16575347 0.00046986363
2.6833333 10.041214 15.16995 0.15019673 -0.16272546 0.00046251315
2.7222222 10.031717 15.132332 0.15018156 -0.15968077 0.00045510898
2.7611111 10.023461 15.095427 0.15016646 -0.15661961 0.00044765196
2.8 10.016446 15.059239 0.1501514 -0.15354223 0.00044014298
2.8388889 10.010673 15.02377 0.1501364 -0.15044888 0.00043258296
2.8777778 10.006143 14.989025 0.15012145 -0.14733981 0.00042497284
2.9166667 10.002856 14.955007 0.15010655 -0.14421527 0.0004173136
2.9555556 10.000812 14.92172 0.1500917 -0.14107554 0.00040960624
2.9944444 10.000013 14.889167 0.15007691 -0.13792089 0.0004018518
3.0333333 10.000457 14.857353 0.15006217 -0.13475158 0.00039405134
3.0722222 10.002145 14.826279 0.15004748 -0.13156792 0.00038620595
3.1111111 10.005077 14.79595 0.15003284 -0.12837018 0.00037831676
3.15 10.009252 14.766369 0.15001825 -0.12515866 0.0003703849
3.1888889 10.014669 14.737539 0.15000372 -0.12193366 0.00036241154
3.2277778 10.02133 14.709463 0.14998923 -0.11869548 0.00035439788
3.2666667 10.029231 14.682145 0.1499748 -0.11544442 0.00034634513
3.3055556 10.038374 14.655586 0.14996042 -0.1121808 0.00033825452
3.3444444 10.048757 14.62979 0.14994609 -0.10890492 0.00033012732
3.3833333 10.060378 14.60476 0.14993181 -0.10561711 0.00032196481
3.4222222 10.073237 14.580499 0.14991757 -0.10231768 0.00031376827
3.4611111 10.087332 14.557009 0.14990339 -0.099006952 0.00030553902
3.5 10.102662 14.534293 0.14988926 -0.095685259 0.0002972784
3.5388889 10.119225 14.512353 0.14987519 -0.092352924 0.00028898775
3.5777778 10.137019 14.491192 0.14986116 -0.089010278 0.00028066843
3.6166667 10.156044 14.470812 0.14984718 -0.085657652 0.00027232181
3.6555556 10.176296 14.451215 0.14983325 -0.082295382 0.00026394929
3.6944444 10.197773 14.432405 0.14981937 -0.078923802 0.00025555225
3.7333333 10.220474 14.414382 0.14980554 -0.075543251 0.00024713211
3.7722222 10.244396 14.397149 0.14979176 -0.072154069 0.0002386903
3.8111111 10.269536 14.380708 0.14977803 -0.068756596 0.00023022823
3.85 10.295892 14.36506 0.14976435 -0.065351177 0.00022174734
3.8888889 10.323462 14.350208 0.14975072 -0.061938154 0.00021324909
3.9277778 10.352241 14.336154 0.14973715 -0.058517874 0.00020473491
3.9666667 10.382228 14.322898 0.14972362 -0.055090684 0.00019620627
4.0055556 10.41342 14.310443 0.14971014 -0.051656932 0.00018766463
4.0444444 10.445812 14.29879 0.14969671 -0.048216967 0.00017911145
4.0833333 10.479402 14.28794 0.14968333 -0.04477114 0.0001705482
4.1222222 10.514186 14.277895 0.14967001 -0.041319803 0.00016197634
4.1611111 10.55016 14.268656 0.14965673 -0.037863308 0.00015339737
4.2 10.587322 14.260224 0.1496435 -0.034402009 0.00014481273
4.2388889 10.625666 14.2526 0.14963032 -0.030936262 0.00013622392
4.2777778 10.66519 14.245786 0.1496172 -0.02746642 0.0001276324
4.3166667 10.705888 14.239782 0.14960412 -0.023992842 0.00011903963
4.3555556 10.747757 14.234588 0.1495911 -0.020515884 0.00011044709
4.3944444 10.790792 14.230207 0.14957813 -0.017035905 0.00010185624
4.4333333 10.834989 14.226637 0.14956521 -0.013553265 9.3268534e-05
4.4722222 10.880344 14.223881 0.14955233 -0.010068322 8.4685426e-05
4.5111111 10.926851 14.221938 0.14953952 -0.0065814387 7.610836e-05
4.55 10.974505 14.220809 0.14952675 -0.0030929754 6.7538773e-05
4.5888889 11.023303 14.220495 0.14951403 0.00039670535 5.8978093e-05
4.6277778 11.073239 14.220994 0.14950137 0.0038872407 5.0427738e-05
4.6666667 11.124307 14.222309 0.14948876 0.007378267 4.1889113e-05
4.7055556 11.176502 14.224437 0.1494762 0.01086942 3.3363613e-05
4.7444444 11.229819 14.227381 0.14946369 0.014360335 2.4852618e-05
4.7833333 11.284253 14.231139 0.14945124 0.017850647 1.6357492e-05
4.8222222 11.339797 14.235712 0.14943883 0.021339989 7.8795835e-06
4.8611111 11.396446 14.241098 0.14942649 0.024827995 -5.7977596e-07
4.9 11.454195 14.247298 0.14941419 0.028314297 -9.0192748e-06
4.9388889 11.513036 14.254312 0.14940195 0.031798529 -1.7437621e-05
4.9777778 11.572965 14.262138 0.14938977 0.035280322 -2.5833546e-05
5.0166667 11.633974 14.270777 0.14937763 0.038759308 -3.4205802e-05
5.0555556 11.696058 14.280227 0.14936556 0.042235117 -4.2553168e-05
5.0944444 11.75921 14.290488 0.14935353 0.045707379 -5.0874448e-05
5.1333333 11.823423 14.301558 0.14934156 0.049175725 -5.9168472e-05
5.1722222 11.888691 14.313438 0.14932965 0.052639785 -6.7434103e-05
5.2111111 11.955007 14.326125 0.1493178 0.056099186 -7.567023e-05
5.25 12.022365 14.339619 0.149306 0.059553559 -8.3875775e-05
5.2888889 12.090756 14.353918 0.14929425 0.06300253 -9.2049695e-05
5.3277778 12.160175 14.369021 0.14928256 0.066445727 -0.00010019098
5.3666667 12.230614 14.384928 0.14927093 0.069882777 -0.00010829865
5.4055556 12.302065 14.401635 0.14925936 0.073313308 -0.00011637176
5.4444444 12.374522 14.419142 0.14924785 0.076736944 -0.00012440942
5.4833333 12.447976 14.437448 0.14923639 0.080153311 -0.00013241075
5.5222222 12.52242 14.456549 0.14922499 0.083562034 -0.00014037493
5.5611111 12.597847 14.476446 0.14921365 0.086962735 -0.00014830115
5.6 12.674248 14.497134 0.14920237 0.090355039 -0.00015618868
5.6388889 12.751616 14.518614 0.14919115 0.093738568 -0.00016403677
5.6777778 12.829943 14.540882 0.14917999 0.097112942 -0.00017184474
5.7166667 12.90922 14.563936 0.1491689 0.10047778 -0.00017961193
5.7555556 12.98944 14.587774 0.14915786 0.1038327 -0.00018733771
5.7944444 13.070593 14.612394 0.14914688 0.10717733 -0.00019502146
5.8333333 13.152672 14.637793 0.14913597 0.11051127 -0.00020266261
5.8722222 13.235668 14.663969 0.14912512 0.11383414 -0.00021026056
5.9111111 13.319572 14.690919 0.14911433 0.11714556 -0.00021781475
5.95 13.404377 14.71864 0.1491036 0.12044512 -0.00022532461
5.9888889 13.490072 14.74713 0.14909294 0.12373245 -0.00023278956
6.0277778 13.576649 14.776386 0.14908234 0.12700714 -0.00024020901
6.0666667 13.6641 14.806404 0.14907181 0.1302688 -0.00024758234
6.1055556 13.752414 14.837181 0.14906134 0.13351703 -0.0002549089
6.1444444 13.841583 14.868716 0.14905094 0.13675141 -0.000262188
6.1833333 13.931598 14.901003 0.1490406 0.13997154 -0.00026941891
6.2222222 14.02245 14.93404 0.14903033 0.14317701 -0.00027660083
6.2611111 14.114128 14.967823 0.14902013 0.1463674 -0.00028373293
6.3 14.206623 15.002349 0.14901 0.14954228 -0.00029081426
6.3388889 14.299927 15.037614 0.14899993 0.15270121 -0.00029784377
6.3777778 14.394028 15.073614 0.14898993 0.15584377 -0.00030482023
6.4166667 14.488918 15.110346 0.14898 0.1589695 -0.00031174191
6.4555556 14.584587 15.147805 0.14897014 0.16207794 -0.00031860582
6.4944444 14.681024 15.185987 0.14896035 0.16516861 -0.00032540482
6.5333333 14.77822 15.224888 0.14895064 0.16824101 -0.00033211386
6.5722222 14.876164 15.264505 0.14894099 0.17129461 -0.00033858606
6.6111111 14.974847 15.304831 0.14893141 0.17432884 -0.00034376522
6.65 15.074258 15.345864 0.14892191 0.17734312 -0.00034782011
6.6888889 15.174387 15.387597 0.14891248 0.18033755 -0.00035171187
6.7277778 15.275223 15.430027 0.14890312 0.18331332 -0.00035554145
6.7666667 15.376756 15.473148 0.14889384 0.18627182 -0.00036000821
6.8055556 15.478976 15.516958 0.14888463 0.18921408 -0.00036582866
6.8444444 15.581872 15.561452 0.14887549 0.19214043 -0.0003716981
6.8833333 15.685433 15.606628 0.14886643 0.19504987 -0.00037754199
6.9222222 15.789649 15.652481 0.14885745 0.19794084 -0.00038335891
6.9611111 15.894508 15.699006 0.14884854 0.20081203 -0.00038914848
7 16 15.746199 0.14883971 0.20366249 -0.00039491091
7.0388889 16.106114 15.794054 0.14883096 0.20649145 -0.00040064681
7.0777778 16.212839 15.842568 0.14882228 0.20929828 -0.00040635725
7.1166667 16.320164 15.891733 0.14881369 0.21208241 -0.00041204393
7.1555556 16.428078 15.941546 0.14880517 0.21484328 -0.0004177096
7.1944444 16.536569 15.992 0.14879673 0.21758033 -0.00042335875
7.2333333 16.645626 16.04309 0.14878837 0.220293 -0.00042899393
7.2722222 16.755239 16.09481 0.1487801 0.22298066 -0.00043361075
7.3111111 16.865395 16.147155 0.1487719 0.22564266 -0.00043929217
7.35 16.976083 16.200118 0.14876378 0.2282782 -0.00044966705
7.3888889 17.087292 16.253692 0.14875575 0.2308445 -0.00046483324
7.4277778 17.199011 16.307873 0.1487478 0.23319187 -0.0004803338
7.4666667 17.311226 16.362624 0.14873993 0.23530437 -0.00049683629
7.5055556 17.423928 16.417795 0.14873213 0.23727447 -0.00051017537
7.5444444 17.537105 16.473337 0.14872439 0.23919926 -0.00051645721
7.5833333 17.650744 16.52933 0.14871674 0.2412596 -0.00052275171
7.6222222 17.764833 16.585851 0.14870916 0.24355014 -0.00052898606
7.6611111 17.879362 16.642947 0.14870167 0.24600324 -0.00053512164
7.7 17.994318 16.700637 0.14869426 0.24853517 -0.00054114006
7.7388889 18.109689 16.758927 0.14868694 0.25109182 -0.00054703384
7.7777778 18.225463 16.817816 0.14867971 0.25364335 -0.00055280123
7.8166667 18.341628 16.8773 0.14867257 0.2561743 -0.00055844332
7.8555556 18.458173 16.937373 0.14866552 0.25867694 -0.00056396256
7.8944444 18.575085 16.998026 0.14865856 0.26114769 -0.00056936194
7.9333333 18.692352 17.059251 0.14865169 0.26358506 -0.00057464465
7.9722222 18.809961 17.121041 0.14864491 0.26598869 -0.00057981381
8.0111111 18.927902 17.183389 0.14863822 0.26835875 -0.00058487246
8.05 19.04616 17.246285 0.14863162 0.27069565 -0.00058982346
8.0888889 19.164725 17.309722 0.14862512 0.2729999 -0.0005946695
8.1277778 19.283584 17.373694 0.1486187 0.27527199 -0.00059941314
8.1666667 19.402725 17.438191 0.14861238 0.27751239 -0.00060405674
8.2055556 19.522134 17.503208 0.14860615 0.2797215 -0.00060860255
8.2444444 19.641801 17.568737 0.14860001 0.28189966 -0.00061305263
8.2833333 19.761712 17.63477 0.14859397 0.28404714 -0.00061740891
8.3222222 19.881854 17.701301 0.14858802 0.28616415 -0.00062167314
8.3611111 20.002217 17.768322 0.14858216 0.28825083 -0.00062584693
8.4 20.122786 17.835826 0.14857639 0.29030727 -0.00062993173
8.4388889 20.243551 17.903807 0.14857072 0.29233351 -0.00063392883
8.4777778 20.364497 17.972257 0.14856515 0.29432954 -0.00063783935
8.5166667 20.485612 18.041169 0.14855967 0.29629531 -0.00064166427
8.5555556 20.606885 18.110536 0.14855428 0.29823076 -0.00064540443
8.5944444 20.728302 18.180352 0.14854898 0.30013575 -0.00064906049
8.6333333 20.849851 18.250608 0.14854379 0.30201016 -0.00065263304
8.6722222 20.971519 18.321299 0.14853868 0.30385382 -0.0006561225
8.7111111 21.093294 18.392415 0.14853367 0.30566655 -0.0006595292
8.75 21.215162 18.463952 0.14852876 0.30744816 -0.00066285338
8.7888889 21.337112 18.5359 0.14852394 0.30919843 -0.0006660952
8.8277778 21.459131 18.608253 0.14851922 0.31091715 -0.00066925473
8.8666667 21.581206 18.681003 0.14851459 0.31260409 -0.00067233199
8.9055556 21.703324 18.754144 0.14851006 0.31425902 -0.00067532695
8.9444444 21.825473 18.827667 0.14850562 0.31588171 -0.00067823954
8.9833333 21.94764 18.901564 0.14850128 0.31747192 -0.00068106966
9.0222222 22.069813 18.975829 0.14849703 0.31902942 -0.0006838172
9.0611111 22.191978 19.050454 0.14849288 0.32055397 -0.00068648201
9.1 22.314123 19.125431 0.14848882 0.32204534 -0.00068906395
9.1388889 22.436236 19.200751 0.14848486 0.3235033 -0.00069156287
9.1777778 22.558304 19.276408 0.148481 0.32492808 -0.00067002424
9.2166667 22.680313 19.352394 0.14847723 0.32644005 -0.00065367669
9.2555556 22.802253 19.4287 0.14847356 0.32854341 -0.00063960947
9.2944444 22.924109 19.505396 0.14846998 0.33121528 -0.00064126852
9.3333333 23.045869 19.582955 0.14846655 0.3336337 -0.00066064812
9.3722222 23.167521 19.661477 0.14846327 0.33529304 -0.00068082154
9.4111111 23.289052 19.740197 0.14846009 0.33591668 -0.00070045632
9.45 23.410449 19.818531 0.14845695 0.33551045 -0.00070394725
9.4888889 23.5317 19.896583 0.14845385 0.33489317 -0.00070541576
9.5277778 23.652792 19.974585 0.14845083 0.33482267 -0.00070709791
9.5666667 23.773713 20.052692 0.14844788 0.33529319 -0.00070883465
9.6055556 23.89445 20.130984 0.14844502 0.3360799 -0.00071054173
9.6444444 24.014991 20.209498 0.14844226 0.3370159 -0.00071217599
9.6833333 24.135323 20.288249 0.14843958 0.33800667 -0.00071371618
9.7222222 24.255433 20.367237 0.148437 0.33900246 -0.00071515281
9.7611111 24.37531 20.446457 0.14843452 0.33997786 -0.00071648259
9.8 24.49494 20.525903 0.14843213 0.3409201 -0.00071770553
9.8388889 24.614312 20.605565 0.14842983 0.34182306 -0.00071882325
9.8777778 24.733413 20.685432 0.14842763 0.34268402 -0.00071983811
9.9166667 24.852231 20.765496 0.14842552 0.34350201 -0.00072075276
9.9555556 24.970753 20.845745 0.14842351 0.34427694 -0.0007215698
9.9944444 25.088967 20.926171 0.14842159 0.34500912 -0.00072229168
10.033333 25.206861 21.006762 0.14841976 0.34569904 -0.00072292064
10.072222 25.324422 21.087508 0.14841803 0.34634722 -0.00072345869
10.111111 25.441639 21.168402 0.14841639 0.34695413 -0.00072390757
10.15 25.558499 21.249432 0.14841484 0.3475202 -0.00072426881
10.188889 25.67499 21.330589 0.14841338 0.34804582 -0.00072454372
10.227778 25.7911 21.411864 0.14841202 0.34853126 -0.00072473343
10.266667 25.906818 21.493248 0.14841074 0.34897678 -0.0007248389
10.305556 26.02213 21.574731 0.14840956 0.34938256 -0.00072486093
10.344444 26.137026 21.656304 0.14840847 0.34974873 -0.00072480022
10.383333 26.251492 21.737958 0.14840747 0.3500754 -0.00072465736
10.422222 26.365518 21.819684 0.14840655 0.35036265 -0.00072443285
10.461111 26.479092 21.901472 0.14840573 0.35061051 -0.00072412711
10.5 26.592201 21.983313 0.148405 0.350819 -0.00072374053
10.538889 26.704834 22.065199 0.14840435 0.35098815 -0.00072327344
10.577778 26.81698 22.147119 0.14840379 0.35111795 -0.00072272612
10.616667 26.928626 22.229065 0.14840332 0.35120838 -0.00072209885
10.655556 27.039762 22.311027 0.14840293 0.35125944 -0.00072139187
10.694444 27.150375 22.392997 0.14840264 0.35127111 -0.00072060541
10.733333 27.260454 22.474964 0.14840242 0.35124337 -0.0007197397
10.772222 27.369988 22.556921 0.14840229 0.35117621 -0.00071879496
10.811111 27.478965 22.638858 0.14840225 0.3510696 -0.00071777142
10.85 27.587374 22.720765 0.14840228 0.35092353 -0.00071666928
10.888889 27.695204 22.802633 0.1484024 0.35073799 -0.00071548877
10.927778 27.802444 22.884453 0.1484026 0.35051298 -0.00071423012
10.966667 27.909083 22.966217 0.14840288 0.35024849 -0.00071289357
11.005556 28.015109 23.047914 0.14840324 0.34994453 -0.00071147936
11.044444 28.120511 23.129535 0.14840368 0.3496011 -0.00070998773
11.083333 28.225279 23.211072 0.1484042 0.34921821 -0.00070841895
11.122222 28.329402 23.292515 0.14840479 0.34879588 -0.00070677327
11.161111 28.432869 23.373854 0.14840546 0.34833415 -0.00070505098
11.2 28.535668 23.455082 0.14840621 0.34783302 -0.00070325235
11.238889 28.637791 23.536187 0.14840702 0.34729254 -0.00070137767
11.277778 28.739225 23.617163 0.14840791 0.34671275 -0.00069942725
11.316667 28.839961 23.697998 0.14840887 0.3460937 -0.00069740139
11.355556 28.939988 23.778684 0.1484099 0.34543542 -0.0006953004
11.394444 29.039296 23.859212 0.148411 0.34473798 -0.00069312462
11.433333 29.137873 23.939573 0.14841216 0.34400144 -0.00069087437
11.472222 29.235711 24.019757 0.14841339 0.34322587 -0.00068854999
11.511111 29.332799 24.099756 0.14841469 0.34241134 -0.00068615182
11.55 29.429127 24.17956 0.14841605 0.34155792 -0.00068368022
11.588889 29.524685 24.25916 0.14841747 0.3406657 -0.00068113555
11.627778 29.619463 24.338548 0.14841895 0.33973477 -0.00067851817
11.666667 29.713451 24.417714 0.14842049 0.33876522 -0.00067582846
11.705556 29.80664 24.496649 0.14842209 0.33775715 -0.0006730668
11.744444 29.899019 24.575344 0.14842374 0.33671067 -0.00067023357
11.783333 29.99058 24.653791 0.14842545 0.33562588 -0.00066732917
11.822222 30.081312 24.731981 0.14842721 0.33450291 -0.00066435399
11.861111 30.171207 24.809903 0.14842902 0.33334188 -0.00066130843
11.9 30.260255 24.887551 0.14843088 0.3321429 -0.00065819292
11.938889 30.348446 24.964914 0.14843279 0.33090612 -0.00065500786
11.977778 30.435773 25.041984 0.14843474 0.32963167 -0.00065175368
12.016667 30.522225 25.118752 0.14843674 0.32831969 -0.0006484308
12.055556 30.607793 25.19521 0.14843878 0.32697034 -0.00064503965
12.094444 30.692469 25.271349 0.14844086 0.32558377 -0.00064158068
12.133333 30.776244 25.34716 0.14844298 0.32416013 -0.00063805433
12.172222 30.85911 25.422634 0.14844514 0.32269959 -0.00063446104
12.211111 30.941057 25.497763 0.14844733 0.32120233 -0.00063080128
12.25 31.022078 25.572539 0.14844955 0.31966852 -0.0006270755
12.288889 31.102163 25.646952 0.14845181 0.31809833 -0.00062328417
12.327778 31.181305 25.720995 0.14845409 0.31649197 -0.00061942776
12.366667 31.259495 25.794658 0.1484564 0.31484961 -0.00061550674
12.405556 31.336725 25.867935 0.14845873 0.31317146 -0.0006115216
12.444444 31.412988 25.940815 0.14846109 0.31145772 -0.00060747283
12.483333 31.488275 26.013291 0.14846347 0.3097086 -0.00060336091
12.522222 31.562578 26.085355 0.14846587 0.30792431 -0.00059918634
12.561111 31.635891 26.156999 0.14846828 0.30610507 -0.00059494964
12.6 31.708204 26.228214 0.14847071 0.30425111 -0.00059065129
12.638889 31.779511 26.298993 0.14847315 0.30236266 -0.00058629182
12.677778 31.849805 26.369326 0.1484756 0.30043995 -0.00058187175
12.716667 31.919077 26.439207 0.14847805 0.29848321 -0.0005773916
12.755556 31.987321 26.508628 0.14848052 0.29649271 -0.0005728519
12.794444 32.05453 26.57758 0.14848298 0.29446868 -0.00056825318
12.833333 32.120697 26.646056 0.14848545 0.29241138 -0.00056359597
12.872222 32.185815 26.714048 0.14848791 0.29032107 -0.00055888083
12.911111 32.249877 26.781548 0.14849037 0.28819802 -0.00055410831
12.95 32.312877 26.848549 0.14849282 0.2860425 -0.00054927894
12.988889 32.374808 26.915044 0.14849527 0.28385478 -0.00054439331
13.027778 32.435663 26.981024 0.1484977 0.28163514 -0.00053945196
13.066667 32.495436 27.046482 0.14850012 0.27938387 -0.00053445546
13.105556 32.554122 27.111412 0.14850253 0.27710125 -0.0005294044
13.144444 32.611714 27.175805 0.14850491 0.27478758 -0.00052429934
13.183333 32.668206 27.239655 0.14850728 0.27244315 -0.00051914086
13.222222 32.723592 27.302954 0.14850962 0.27006827 -0.00051392956
13.261111 32.777866 27.365695 0.14851194 0.26766325 -0.00050866603
13.3 32.831023 27.427871 0.14851423 0.26522838 -0.00050335086
13.338889 32.883058 27.489476 0.14851648 0.262764 -0.00049798465
13.377778 32.933965 27.550503 0.14851871 0.26027041 -0.000492568
13.416667 32.983738 27.610944 0.1485209 0.25774794 -0.00048710152
13.455556 33.032372 27.670793 0.14852305 0.25519691 -0.00048158582
13.494444 33.079864 27.730044 0.14852516 0.25261765 -0.00047602153
13.533333 33.126206 27.788689 0.14852723 0.2500105 -0.00047040925
13.572222 33.171396 27.846723 0.14852925 0.24737579 -0.00046474962
13.611111 33.215427 27.904139 0.14853122 0.24471386 -0.00045904325
13.65 33.258296 27.96093 0.14853314 0.24202506 -0.00045329078
13.688889 33.299998 28.017091 0.14853501 0.23930972 -0.00044749285
13.727778 33.340529 28.072615 0.14853683 0.23656821 -0.00044165008
13.766667 33.379884 28.127497 0.14853858 0.23380086 -0.00043576312
13.805556 33.418059 28.18173 0.14854028 0.23100803 -0.00042983261
13.844444 33.455052 28.235308 0.14854191 0.22819009 -0.00042385919
13.883333 33.490856 28.288225 0.14854348 0.22534738 -0.00041784352
13.922222 33.52547 28.340477 0.14854497 0.22248027 -0.00041178625
13.961111 33.558889 28.392056 0.1485464 0.21958912 -0.00040568802
14 33.59111 28.442958 0.14854776 0.2166743 -0.00039954949
14.038889 33.622129 28.493177 0.14854904 0.21373617 -0.00039337132
14.077778 33.651944 28.542708 0.14855024 0.21077511 -0.00038715418
14.116667 33.680551 28.591545 0.14855136 0.20779149 -0.00038089871
14.155556 33.707947 28.639684 0.1485524 0.20478567 -0.00037460559
14.194444 33.73413 28.687118 0.14855335 0.20175803 -0.00036827548
14.233333 33.759096 28.733843 0.14855422 0.19870894 -0.00036190904
14.272222 33.782844 28.779855 0.14855499 0.19563879 -0.00035550694
14.311111 33.80537 28.825147 0.14855568 0.19254794 -0.00034906985
14.35 33.826673 28.869716 0.14855627 0.18943678 -0.00034259845
14.388889 33.846749 28.913557 0.14855676 0.18630569 -0.00033609339
14.427778 33.865598 28.956664 0.14855715 0.18315504 -0.00032955536
14.466667 33.883217 28.999034 0.14855744 0.17998522 -0.00032298503
14.505556 33.899604 29.040663 0.14855763 0.17679661 -0.00031638306
14.544444 33.914757 29.081545 0.14855772 0.17358958 -0.00030975014
14.583333 33.928676 29.121676 0.14855769 0.17036453 -0.00030308694
14.622222 33.941358 29.161053 0.14855755 0.16712182 -0.00029639413
14.661111 33.952803 29.199671 0.1485573 0.16386186 -0.0002896724
14.7 33.963008 29.237527 0.14855694 0.16058501 -0.00028292241
14.738889 33.971973 29.274615 0.14855646 0.15729167 -0.00027614484
14.777778 33.979698 29.310934 0.14855586 0.1539822 -0.00026934037
14.816667 33.986181 29.346478 0.14855514 0.15065701 -0.00026250967
14.855556 33.991421 29.381245 0.1485543 0.14731647 -0.00025565343
14.894444 33.995418 29.41523 0.14855333 0.14396096 -0.00024877232
14.933333 33.998172 29.448431 0.14855224 0.14059087 -0.00024186702
14.972222 33.999683 29.480843 0.14855102 0.13720658 -0.00023493821
15.011111 33.999949 29.512464 0.14854966 0.13380847 -0.00022798656
15.05 33.998972 29.543291 0.14854818 0.13039693 -0.00022101275
15.088889 33.996751 29.57332 0.14854656 0.12697234 -0.00021401746
15.127778 33.993286 29.602548 0.1485448 0.12353508 -0.00020700138
15.166667 33.988579 29.630973 0.14854291 0.12008553 -0.00019996517
15.205556 33.982628 29.658591 0.14854088 0.11662408 -0.00019290952
15.244444 33.975436 29.685401 0.1485387 0.1131511 -0.00018583511
15.283333 33.967002 29.711398 0.14853638 0.10966699 -0.00017874262
15.322222 33.957328 29.736582 0.14853392 0.10617212 -0.00017163272
15.361111 33.946415 29.760948 0.14853132 0.10266687 -0.00016450611
15.4 33.934263 29.784496 0.14852856 0.099151629 -0.00015736346
15.438889 33.920874 29.807222 0.14852566 0.095626778 -0.00015020546
15.477778 33.906249 29.829124 0.1485226 0.092092699 -0.00014303278
15.516667 33.890391 29.850201 0.14851939 0.088549774 -0.00013584612
15.555556 33.8733 29.87045 0.14851603 0.084998386 -0.00012864616
15.594444 33.854978 29.889869 0.14851252 0.081438919 -0.00012143358
15.633333 33.835427 29.908457 0.14850885 0.077871754 -0.00011420907
15.672222 33.81465 29.926211 0.14850502 0.074297278 -0.00010697333
15.711111 33.792648 29.943131 0.14850104 0.070715873 -9.9727032e-05
15.75 33.769423 29.959214 0.14849689 0.067127924 -9.2470877e-05
15.788889 33.744979 29.974459 0.14849259 0.063533818 -8.5205556e-05
15.827778 33.719317 29.988864 0.14848812 0.059933938 -7.7931761e-05
15.866667 33.692441 30.002429 0.14848349 0.056328673 -7.0650189e-05
15.905556 33.664352 30.015152 0.14847869 0.05271841 -6.3361535e-05
15.944444 33.635055 30.027033 0.14847374 0.049103536 -5.6066498e-05
15.983333 33.604551 30.038069 0.14846861 0.04548444 -4.8765777e-05
16.022222 33.572845 30.04826 0.14846332 0.041861511 -4.1460074e-05
16.061111 33.539939 30.057605 0.14845787 0.038235141 -3.4150091e-05
16.1 33.505837 30.066104 0.14845224 0.034605721 -2.6836533e-05
16.138889 33.470542 30.073755 0.14844645 0.030973643 -1.9520106e-05
16.177778 33.434058 30.080559 0.14844048 0.0273393 -1.2201516e-05
16.216667 33.39639 30.086514 0.14843435 0.023703086 -4.8814745e-06
16.255556 33.357539 30.091621 0.14842805 0.020065397 2.4393094e-06
16.294444 33.317512 30.095878 0.14842157 0.01642663 9.7601235e-06
16.333333 33.276311 30.099286 0.14841493 0.012787181 1.7080254e-05
16.372222 33.233942 30.101846 0.14840811 0.009147448 2.4398987e-05
16.411111 33.190408 30.103555 0.14840112 0.0055078312 3.1715607e-05
16.45 33.145715 30.104416 0.14839396 0.0018687302 3.9029395e-05
16.488889 33.099866 30.104427 0.14838663 -0.0017694536 4.6339635e-05
16.527778 33.052866 30.10359 0.14837912 -0.0054063183 5.3645608e-05
16.566667 33.004721 30.101904 0.14837144 -0.0090414611 6.0946593e-05
16.605556 32.955435 30.09937 0.14836359 -0.012674478 6.8241871e-05
16.644444 32.905014 30.095988 0.14835556 -0.016304965 7.5530722e-05
16.683333 32.853462 30.09176 0.14834736 -0.019932517 8.2812423e-05
16.722222 32.800785 30.086685 0.14833899 -0.023556728 9.0086255e-05
16.761111 32.746989 30.080766 0.14833044 -0.027177191 9.7351497e-05
16.8 32.692078 30.074002 0.14832172 -0.030793501 0.00010460743
16.838889 32.63606 30.066394 0.14831283 -0.034405248 0.00011185333
16.877778 32.578939 30.057944 0.14830377 -0.038012027 0.00011908848
16.916667 32.520721 30.048654 0.14829453 -0.041613429 0.00012631216
16.955556 32.461413 30.038523 0.14828512 -0.045209047 0.00013352365
16.994444 32.40102 30.027554 0.14827554 -0.048798472 0.00014072224
17.033333 32.33955 30.015749 0.14826579 -0.052381297 0.00014790722
17.072222 32.277008 30.003108 0.14825586 -0.055957114 0.00015507787
17.111111 32.2134 29.989633 0.14824577 -0.059525516 0.00016223347
17.15 32.148734 29.975327 0.1482355 -0.063086097 0.00016937333
17.188889 32.083016 29.960191 0.14822507 -0.066638449 0.00017649674
17.227778 32.016252 29.944227 0.14821447 -0.070182169 0.000183603
17.266667 31.948451 29.927437 0.1482037 -0.07371685 0.0001906914
17.305556 31.879618 29.909823 0.14819276 -0.077242091 0.00019776125
17.344444 31.809761 29.891388 0.14818166 -0.080757487 0.00020481185
17.383333 31.738888 29.872133 0.14817039 -0.084262637 0.00021184253
17.422222 31.667005 29.852062 0.14815896 -0.087757143 0.00021885259
17.461111 31.59412 29.831177 0.14814736 -0.091240605 0.00022584135
17.5 31.52024 29.80948 0.1481356 -0.094712626 0.00023280814
17.538889 31.445374 29.786974 0.14812368 -0.098172812 0.00023975228
17.577778 31.369528 29.763662 0.1481116 -0.10162077 0.00024667311
17.616667 31.292712 29.739548 0.14809936 -0.10505611 0.00025356998
17.655556 31.214932 29.714633 0.14808696 -0.10847525 0.0003104046
17.694444 31.136197 29.688921 0.1480744 -0.11180363 0.00033500214
17.733333 31.056515 29.662416 0.14806169 -0.11501802 0.00034203823
17.772222 30.975894 29.635181 0.14804883 -0.11827865 0.00034903144
17.811111 30.894343 29.607274 0.14803583 -0.12161817 0.00031852659
17.85 30.81187 29.578541 0.14802267 -0.12504216 0.00029520691
17.888889 30.728484 29.548931 0.14800935 -0.12859718 0.00030182834
17.927778 30.644193 29.518485 0.14799588 -0.13212293 0.00030841603
17.966667 30.559005 29.487238 0.14798225 -0.13553317 0.00031498855
18.005556 30.472931 29.455214 0.14796847 -0.13885436 0.00035072612
18.044444 30.385978 29.422426 0.14795455 -0.14211674 0.00038070907
18.083333 30.298157 29.388883 0.14794048 -0.14533819 0.0003878697
18.122222 30.209475 29.354592 0.14792628 -0.14853896 0.00039490874
18.161111 30.119942 29.319563 0.14791193 -0.15172658 0.00042097093
18.2 30.029567 29.283789 0.14789745 -0.15492011 0.00039283591
18.238889 29.93836 29.247272 0.14788283 -0.15811143 0.00039955688
18.277778 29.846331 29.210002 0.14786807 -0.16126517 0.00040622027
18.316667 29.753488 29.171989 0.14785318 -0.16437596 0.00038258858
18.355556 29.659841 29.133269 0.14783816 -0.16743819 0.00038302659
18.394444 29.5654 29.093847 0.14782301 -0.17045435 0.00038888385
18.433333 29.470176 29.053724 0.14780774 -0.17345795 0.00039478883
18.472222 29.374177 29.012899 0.14779234 -0.17645609 0.00040072269
18.511111 29.277413 28.971374 0.14777682 -0.17944411 0.00040667265
18.55 29.179895 28.929154 0.14776118 -0.18241775 0.00041262954
18.588889 29.081633 28.886241 0.14774542 -0.18537573 0.00044654837
18.627778 28.982637 28.84264 0.14772954 -0.18838314 0.00046902448
18.666667 28.882917 28.798356 0.14771355 -0.19150032 0.00047565035
18.705556 28.782484 28.753343 0.14769743 -0.19455099 0.00048211729
18.744444 28.681348 28.707517 0.14768119 -0.19747906 0.00048322135
18.783333 28.579519 28.661045 0.14766484 -0.20032409 0.00047787385
18.822222 28.477008 28.614011 0.14764839 -0.20310104 0.00048387722
18.861111 28.373826 28.566366 0.14763184 -0.2058157 0.00050330406
18.9 28.269983 28.517976 0.14761518 -0.20856621 0.00052707521
18.938889 28.16549 28.46895 0.14759842 -0.21145951 0.00050662207
18.977778 28.060358 28.419344 0.14758156 -0.21421164 0.00051248476
19.016667 27.954598 28.369005 0.14756459 -0.21679321 0.00053112237
19.055556 27.848221 28.318041 0.14754753 -0.21940503 0.00051493831
19.094444 27.741237 28.266587 0.1475304 -0.22198792 0.00052025808
19.133333 27.633659 28.214559 0.14751317 -0.22443834 0.00052567225
19.172222 27.525496 28.161832 0.14749585 -0.22689092 0.00052431313
19.211111 27.416761 28.108564 0.14747844 -0.2293482 0.00053454053
19.25 27.307464 28.0548 0.14746097 -0.23182544 0.00054465614
19.288889 27.197617 28.000496 0.14744341 -0.23444436 0.00055018002
19.327778 27.087232 27.945499 0.14742577 -0.23703727 0.00055559072
19.366667 26.976319 27.889764 0.14740802 -0.23954143 0.00054784756
19.405556 26.86489 27.833541 0.14739021 -0.24190133 0.00055474026
19.444444 26.752957 27.776882 0.14737234 -0.24418088 0.00057101621
19.483333 26.640532 27.719721 0.14735441 -0.24661429 0.00057641785
19.522222 26.527625 27.661897 0.14733639 -0.24910158 0.00058165061
19.561111 26.414249 27.603391 0.14731828 -0.25149714 0.00058379641
19.6 26.300415 27.544367 0.14730012 -0.25376643 0.00058750753
19.638889 26.186136 27.484949 0.1472819 -0.2559993 0.00059245381
19.677778 26.071423 27.425043 0.14726363 -0.25822187 0.00059736362
19.716667 25.956288 27.36449 0.14724528 -0.26043218 0.0006063552
19.755556 25.840742 27.303367 0.14722687 -0.26271191 0.00061124401
19.794444 25.724799 27.241854 0.14720841 -0.26496088 0.0006117931
19.833333 25.60847 27.179836 0.1471899 -0.26706253 0.00061642091
19.872222 25.491766 27.117212 0.14717133 -0.26910619 0.00062080098
19.911111 25.374701 27.054104 0.14715271 -0.27118727 0.00062912605
19.95 25.257285 26.990659 0.14713405 -0.27327762 0.00063458938
19.988889 25.139533 26.926727 0.14711535 -0.27532289 0.00064729781
20.027778 25.021454 26.862183 0.14709658 -0.27744591 0.00064265254
20.066667 24.903063 26.797144 0.14707777 -0.27943716 0.00064300973
20.105556 24.78437 26.731681 0.14705892 -0.28127018 0.00064648921
20.144444 24.665389 26.665888 0.14704005 -0.28295693 0.00065044454
20.183333 24.546132 26.599666 0.14702114 -0.28466497 0.00066268858
20.222222 24.426611 26.53305 0.1470022 -0.28649028 0.00065827955
20.261111 24.306838 26.466008 0.14698323 -0.28832319 0.00067192527
20.3 24.186826 26.3985 0.14696422 -0.29013654 0.00066781056
20.338889 24.066588 26.330564 0.14694518 -0.29194315 0.00067779761
20.377778 23.946135 26.262249 0.14692612 -0.29360717 0.00067533626
20.416667 23.825481 26.193515 0.14690703 -0.29522857 0.00068040712
20.455556 23.704637 26.124463 0.14688792 -0.29690566 0.00068790619
20.494444 23.583617 26.055016 0.14686879 -0.29857658 0.00069982808
20.533333 23.462432 25.985145 0.14684963 -0.30041255 0.0007071922
20.572222 23.341096 25.914857 0.14683045 -0.30223185 0.00070591015
20.611111 23.219621 25.844085 0.14681124 -0.30384113 0.00070937834
20.65 23.098019 25.772919 0.14679202 -0.30531817 0.00070837931
20.688889 22.976304 25.701527 0.14677279 -0.30662497 0.00070715355
20.727778 22.854488 25.629874 0.14675356 -0.30783819 0.0007187326
20.766667 22.732582 25.557901 0.14673432 -0.30917022 0.00071955305
20.805556 22.610601 25.48562 0.14671507 -0.31056194 0.00072721559
20.844444 22.488557 25.412976 0.14669581 -0.31196126 0.00072849127
20.883333 22.366462 25.340013 0.14667655 -0.31337806 0.00073680389
20.922222 22.244329 25.26674 0.14665728 -0.31469591 0.00073411315
20.961111 22.122171 25.193123 0.14663801 -0.31593595 0.00073494601
21 22 25.119259 0.14661874 -0.31709331 0.00073713612
21.038889 21.877829 25.045121 0.14659947 -0.31814284 0.00073951176
21.077778 21.755671 24.970781 0.14658021 -0.3192336 0.00074387715
21.116667 21.633538 24.896187 0.14656096 -0.32027162 0.00074885337
21.155556 21.511443 24.821313 0.14654172 -0.32145807 0.00075512009
21.194444 21.389399 24.746207 0.14652248 -0.32271526 0.00075826999
21.233333 21.267418 24.670765 0.14650324 -0.3238808 0.00076502045
21.272222 21.145512 24.594986 0.146484 -0.32506845 0.00076589322
21.311111 21.023696 24.519016 0.14646478 -0.32606553 0.00076360011
21.35 20.901981 24.442792 0.14644556 -0.32687155 0.00076694422
21.388889 20.780379 24.366417 0.14642637 -0.32767108 0.0007699286
21.427778 20.658904 24.289903 0.1464072 -0.32838095 0.00077448376
21.466667 20.537568 24.213184 0.14638804 -0.32913368 0.00077880365
21.505556 20.416383 24.136311 0.14636891 -0.33005515 0.000780675
21.544444 20.295363 24.059233 0.1463498 -0.33091168 0.00078285458
21.583333 20.174519 23.981865 0.14633069 -0.33168446 0.00078167437
21.622222 20.053865 23.904323 0.14631161 -0.33238927 0.00078656767
21.661111 19.933412 23.826714 0.14629256 -0.33304228 0.00079044798
21.7 19.813174 23.74899 0.14627354 -0.33362114 0.0007881736
21.738889 19.693162 23.671046 0.14625453 -0.33417542 0.00079247162
21.777778 19.573389 23.592943 0.14623555 -0.33472156 0.00079400601
21.816667 19.453868 23.514798 0.14621661 -0.33529881 0.00079851514
21.855556 19.334611 23.436576 0.1461977 -0.3357549 0.00079936582
21.894444 19.21563 23.358117 0.14617881 -0.33620664 0.00080344346
21.933333 19.096937 23.279569 0.14615996 -0.33671216 0.00080171601
21.972222 18.978546 23.200992 0.14614114 -0.33707878 0.00080403139
22.011111 18.860467 23.122302 0.14612235 -0.33738209 0.00080664336
22.05 18.742715 23.043518 0.1461036 -0.33773276 0.00080812226
22.088889 18.625299 22.964676 0.14608488 -0.3380849 0.00080865462
22.127778 18.508234 22.88577 0.1460662 -0.33841344 0.00081158427
22.166667 18.39153 22.806763 0.14604755 -0.33871074 0.00081513342
22.205556 18.275201 22.727664 0.14602894 -0.33897658 0.00081275663
22.244444 18.159258 22.64854 0.14601037 -0.33908886 0.00081293478
22.283333 18.043712 22.569376 0.14599184 -0.33906575 0.00081321704
22.322222 17.928577 22.490266 0.14597335 -0.33903398 0.00081151806
22.361111 17.813864 22.411195 0.14595492 -0.33899507 0.00081344855
22.4 17.699585 22.332114 0.14593652 -0.33905071 0.00081636089
22.438889 17.585751 22.252996 0.14591817 -0.33915453 0.0008167562
22.477778 17.472375 22.173824 0.14589985 -0.33921995 0.00081758525
22.516667 17.359468 22.094646 0.14588158 -0.33922643 0.00081931458
22.555556 17.247043 22.015496 0.14586336 -0.33921479 0.00081925867
22.594444 17.13511 21.93638 0.14584518 -0.33914309 0.00082208496
22.633333 17.023681 21.857228 0.14582704 -0.33898893 0.00082119585
22.672222 16.912768 21.778109 0.14580895 -0.33879439 0.00081816724
22.711111 16.802383 21.699091 0.14579091 -0.33852391 0.00082013245
22.75 16.692536 21.62016 0.14577292 -0.33823593 0.00082214255
22.788889 16.583239 21.541278 0.14575498 -0.33801187 0.00082326657
22.827778 16.474504 21.462431 0.14573709 -0.33784303 0.00082173582
22.866667 16.366341 21.383619 0.14571924 -0.33760955 0.00082368489
22.905556 16.258763 21.304836 0.14570144 -0.33729717 0.00082477189
22.944444 16.151779 21.226164 0.14568369 -0.33691454 0.00082421372
22.983333 16.045402 21.147609 0.14566599 -0.33646798 0.00082448574
23.022222 15.939642 21.06916 0.14564835 -0.33602079 0.0008245878
23.061111 15.83451 20.990805 0.14563076 -0.33553658 0.00082556259
23.1 15.730017 20.912543 0.14561321 -0.33501363 0.00082435982
23.138889 15.626174 20.834434 0.14559573 -0.33446669 0.00082348006
23.177778 15.522992 20.756474 0.14557829 -0.3338841 0.00082267436
23.216667 15.420481 20.678637 0.14556091 -0.33331056 0.0008229115
23.255556 15.318652 20.600922 0.14554358 -0.33273239 0.0008218046
23.294444 15.217516 20.523343 0.1455263 -0.3320987 0.00082093677
23.333333 15.117083 20.445918 0.14550908 -0.331384 0.00082068859
23.372222 15.017363 20.36867 0.14549191 -0.33058674 0.00081910463
23.411111 14.918367 20.291622 0.1454748 -0.32971438 0.00081744998
23.45 14.820105 20.214788 0.14545775 -0.32878147 0.00081608802
23.488889 14.722587 20.138179 0.14544076 -0.32780423 0.00081425951
23.527778 14.625823 20.061804 0.14542382 -0.32679311 0.00081249925
23.566667 14.529824 19.985669 0.14540694 -0.32575498 0.00081068961
23.605556 14.4346 19.909779 0.14539012 -0.32469372 0.00080880781
23.644444 14.340159 19.834139 0.14537336 -0.3236102 0.00080693056
23.683333 14.246512 19.758754 0.14535665 -0.3225045 0.00080484925
23.722222 14.153669 19.68363 0.14534 -0.32137638 0.00080285305
23.761111 14.06164 19.608772 0.14532342 -0.32022542 0.0008006561
23.8 13.970433 19.534185 0.14530689 -0.31905114 0.00079853494
23.838889 13.880058 19.459875 0.14529041 -0.31785308 0.00079622495
23.877778 13.790525 19.385847 0.145274 -0.31663084 0.00079395821
23.916667 13.701843 19.312107 0.14525764 -0.31538411 0.00079155973
23.955556 13.614022 19.238661 0.14524134 -0.31475931 0.00079038534
23.994444 13.527069 19.165514 0.14522509 -0.31412629 0.00078917135
