t Tsurf Tprobe theta dTdt dlnR
0 38 39.541497 0.13458209 -0.081064235 0.00033328793
0.038888889 38 39.522489 0.13457037 -0.08113048 0.00028606274
0.077777778 38 39.503667 0.1345587 -0.080738828 0.00028556617
0.11666667 38 39.484697 0.13454701 -0.07985914 0.00030057823
0.15555556 38 39.466063 0.13453539 -0.078962395 0.0002259447
0.19444444 38 39.44791 0.13452389 -0.077445504 0.00022368255
0.23333333 38 39.429936 0.13451243 -0.075712567 0.00022164784
0.27222222 38 39.412417 0.13450107 -0.074151396 0.00017558515
0.31111111 38 39.395378 0.13448982 -0.072508206 0.00019851317
0.35 38 39.3787 0.13447866 -0.071204516 0.00021297969
0.38888889 38 39.362299 0.13446756 -0.070381403 0.00023066213
0.42777778 38 39.346015 0.13445649 -0.069714831 0.00023004287
0.46666667 38 39.32972 0.13444544 -0.068952331 0.00021364145
0.50555556 38 39.313623 0.13443443 -0.067958574 0.00018599349
0.54444444 38 39.297889 0.13442351 -0.066651261 0.00016530405
0.58333333 38 39.282552 0.13441268 -0.065293661 0.00016225159
0.62222222 38 39.267516 0.13440192 -0.064084086 0.00016740444
0.66111111 38 39.25271 0.13439122 -0.063155015 0.00017601807
0.7 38 39.238099 0.13438057 -0.06246812 0.00017831429
0.73888889 38 39.223632 0.13436996 -0.061834695 0.00018756272
0.77777778 38 39.209224 0.13435937 -0.061246538 0.00018653623
0.81666667 38 39.194999 0.13434883 -0.060561564 0.00016762732
0.85555556 38 39.180921 0.13433834 -0.059690482 0.00016589626
0.89444444 38 39.167089 0.1343279 -0.058810522 0.00016210583
0.93333333 38 39.153505 0.13431752 -0.057980445 0.00016049993
0.97222222 38 39.140115 0.1343072 -0.057228811 0.0001766915
1.0111111 38 39.126827 0.13429691 -0.056635126 0.00017600497
1.05 38 39.113686 0.13428665 -0.056063582 0.00016322
1.0888889 38 39.10065 0.13427644 -0.055369362 0.00016165845
1.1277778 38 39.087775 0.13426626 -0.054617793 0.00014299972
1.1666667 38 39.075138 0.13425614 -0.053828259 0.00014070001
1.2055556 38 39.062699 0.13424608 -0.053037997 0.00013902826
1.2444444 38 39.050421 0.13423606 -0.052362002 0.00014975369
1.2833333 38 39.038285 0.13422608 -0.05185427 0.00016581394
1.3222222 38 39.026277 0.13421614 -0.051465208 0.00016527583
1.3611111 38 39.01432 0.13420622 -0.051009686 0.00016445385
1.4 38 39.002391 0.13419631 -0.050470972 0.00015147617
1.4388889 38 38.990658 0.13418646 -0.049832572 0.00013333269
1.4777778 38 38.979145 0.13417666 -0.049074286 0.00013141991
1.5166667 38 38.967804 0.13416691 -0.048369408 0.00012996521
1.5555556 38 38.956603 0.1341572 -0.047776549 0.00013076918
1.5944444 38 38.945523 0.13414753 -0.047284306 0.00015163411
1.6333333 38 38.934559 0.13413789 -0.04694963 0.00015134116
1.6722222 38 38.923684 0.13412828 -0.046612154 0.00015070514
1.7111111 38 38.912797 0.13411868 -0.0461865 0.00014994459
1.75 38 38.902011 0.13410911 -0.045695492 0.00012542444
1.7888889 38 38.891428 0.13409959 -0.045072266 0.00012351192
1.8277778 38 38.881017 0.13409012 -0.044411453 0.00013791332
1.8666667 38 38.870738 0.13408069 -0.043897209 0.00013743209
1.9055556 38 38.860572 0.1340713 -0.043514377 0.00013673736
1.9444444 38 38.850474 0.13406192 -0.043122976 0.00013597266
1.9833333 38 38.840409 0.13405257 -0.04270488 0.00013518128
2.0222222 38 38.830482 0.13404326 -0.042251997 0.00012811567
2.0611111 38 38.8207 0.13403399 -0.041747533 0.00012700665
2.1 38 38.811037 0.13402475 -0.04130857 0.00012599405
2.1388889 38 38.801458 0.13401554 -0.040895239 0.00012504138
2.1777778 38 38.791934 0.13400636 -0.040485396 0.00012412892
2.2166667 38 38.782528 0.13399721 -0.0400675 0.00011310343
2.2555556 38 38.773243 0.13398809 -0.039611566 0.00011217458
2.2944444 38 38.76406 0.13397901 -0.039182759 0.00011129878
2.3333333 38 38.754968 0.13396996 -0.038795538 0.0001104555
2.3722222 38 38.745961 0.13396094 -0.038432912 0.00010963456
2.4111111 38 38.737036 0.13395194 -0.038082867 0.00010883062
2.45 38 38.728191 0.13394297 -0.037739612 0.00010804074
2.4888889 38 38.719425 0.13393403 -0.037400852 0.00012217304
2.5277778 38 38.710738 0.13392512 -0.03711253 0.0001314456
2.5666667 38 38.702129 0.13391624 -0.03689914 0.00013096316
2.6055556 38 38.693564 0.13390737 -0.036633455 0.0001304327
2.6444444 38 38.68499 0.13389852 -0.036310966 0.00012988151
2.6833333 38 38.676536 0.1338897 -0.035940733 0.0001044703
2.7222222 38 38.668221 0.13388092 -0.03547084 0.00010361237
2.7611111 38 38.660014 0.13387217 -0.035031109 0.00010282839
2.8 38 38.651893 0.13386345 -0.034663632 0.00010208586
2.8388889 38 38.643847 0.13385476 -0.034340267 0.00010136932
2.8777778 38 38.635872 0.13384609 -0.034038832 0.00010067091
2.9166667 38 38.627965 0.13383745 -0.033748255 0.00011104415
2.9555556 38 38.620124 0.13382884 -0.033481923 0.00011047612
2.9944444 38 38.612349 0.13382024 -0.03324365 0.00010987901
3.0333333 38 38.604627 0.13381167 -0.032984517 0.00010927663
3.0722222 38 38.596939 0.13380312 -0.032704832 0.0001086769
3.1111111 38 38.589334 0.13379459 -0.032408149 9.694449e-05
3.15 38 38.581818 0.1337861 -0.032076576 9.6286051e-05
3.1888889 38 38.574378 0.13377763 -0.031761538 9.5654589e-05
3.2277778 38 38.567004 0.13376918 -0.031476241 9.5039579e-05
3.2666667 38 38.559693 0.13376076 -0.031209137 9.4436186e-05
3.3055556 38 38.552442 0.13375236 -0.030951674 9.3842085e-05
3.3444444 38 38.54525 0.13374398 -0.030701135 0.00011838109
3.3833333 38 38.538116 0.13373562 -0.030505598 0.00011812975
3.4222222 38 38.53104 0.13372729 -0.030340278 0.00011782
3.4611111 38 38.523979 0.13371897 -0.030138564 0.0001356785
3.5 38 38.516933 0.13371067 -0.029952637 0.00012061009
3.5388889 38 38.509981 0.13370239 -0.029722139 0.00011036941
3.5777778 38 38.503078 0.13369413 -0.029403649 0.00012206276
3.6166667 38 38.496237 0.1336859 -0.029135123 0.00010407172
3.6555556 38 38.489489 0.1336777 -0.028864324 0.00010345511
3.6944444 38 38.482788 0.13366951 -0.028564861 0.00010290536
3.7333333 38 38.47614 0.13366135 -0.028292452 9.0495261e-05
3.7722222 38 38.469575 0.13365321 -0.02801833 8.9501535e-05
3.8111111 38 38.463079 0.13364509 -0.027741147 0.00010065341
3.85 38 38.456641 0.133637 -0.027518609 0.00010038237
3.8888889 38 38.450253 0.13362893 -0.027337514 0.00010004272
3.9277778 38 38.443897 0.13362087 -0.027158385 0.00011762854
3.9666667 38 38.437566 0.13361283 -0.027010719 0.00011597368
4.0055556 38 38.431293 0.13360481 -0.02683596 0.00010561067
4.0444444 38 38.425042 0.13359681 -0.026603633 0.00010514695
4.0833333 38 38.418847 0.13358882 -0.026366507 8.7058936e-05
4.1222222 38 38.412731 0.13358086 -0.026105512 8.5813776e-05
4.1611111 38 38.40668 0.13357293 -0.025847378 8.4986207e-05
4.2 38 38.400681 0.13356501 -0.025627418 8.4314683e-05
4.2388889 38 38.394726 0.13355711 -0.025433423 8.3722616e-05
4.2777778 38 38.388814 0.13354923 -0.025252058 8.3177436e-05
4.3166667 38 38.382943 0.13354136 -0.025076373 8.2662794e-05
4.3555556 38 38.377112 0.13353352 -0.024903269 8.2169603e-05
4.3944444 38 38.371322 0.13352569 -0.024731469 8.1692443e-05
4.4333333 38 38.365571 0.13351788 -0.024560517 8.1227899e-05
4.4722222 38 38.35986 0.13351008 -0.024390308 8.077372e-05
4.5111111 38 38.354189 0.1335023 -0.024220889 8.0328368e-05
4.55 38 38.348558 0.13349454 -0.024052357 7.9890761e-05
4.5888889 38 38.342965 0.1334868 -0.023885809 0.00010279425
4.6277778 38 38.337412 0.13347907 -0.023753035 0.00010267364
4.6666667 38 38.331897 0.13347136 -0.023637146 0.00010249822
4.7055556 38 38.326394 0.13346366 -0.023492843 0.00010229441
4.7444444 38 38.320904 0.13345597 -0.02332708 8.8523527e-05
4.7833333 38 38.315479 0.1334483 -0.023132652 7.8286048e-05
4.8222222 38 38.310117 0.13344066 -0.022903639 7.7794644e-05
4.8611111 38 38.304804 0.13343303 -0.022699688 7.7339241e-05
4.9 38 38.299531 0.13342542 -0.022524902 7.6906095e-05
4.9388889 38 38.294295 0.13341782 -0.022366319 7.6488081e-05
4.9777778 38 38.289095 0.13341024 -0.022215619 7.6081251e-05
5.0166667 38 38.283929 0.13340268 -0.022068793 7.5683285e-05
5.0555556 38 38.278797 0.13339513 -0.021924047 7.5292747e-05
5.0944444 38 38.273698 0.13338759 -0.021780612 7.49087e-05
5.1333333 38 38.268633 0.13338007 -0.02163819 7.4530505e-05
5.1722222 38 38.2636 0.13337257 -0.021496687 7.4157708e-05
5.2111111 38 38.258601 0.13336508 -0.021356103 7.3789973e-05
5.25 38 38.253635 0.1333576 -0.021216473 7.3427045e-05
5.2888889 38 38.2487 0.13335014 -0.021077843 7.3068723e-05
5.3277778 38 38.243798 0.1333427 -0.020940257 7.2714844e-05
5.3666667 38 38.238929 0.13333526 -0.020803756 7.2365274e-05
5.4055556 38 38.23409 0.13332785 -0.020668374 7.2019899e-05
5.4444444 38 38.229284 0.13332044 -0.020538725 0.00010150171
5.4833333 38 38.224508 0.13331305 -0.020443094 0.00010147986
5.5222222 38 38.219761 0.13330568 -0.02034591 0.0001014232
5.5611111 38 38.215014 0.13329831 -0.020226687 0.00010134556
5.6 38 38.210293 0.13329095 -0.02009336 7.1532316e-05
5.6388889 38 38.205625 0.13328362 -0.019928076 7.1099299e-05
5.6777778 38 38.201002 0.1332763 -0.019750013 7.0704402e-05
5.7166667 38 38.196416 0.13326899 -0.019595705 7.0331364e-05
5.7555556 38 38.191862 0.1332617 -0.019460585 6.99727e-05
5.7944444 38 38.187337 0.13325442 -0.019335544 6.9624454e-05
5.8333333 38 38.18284 0.13324716 -0.019215453 6.928439e-05
5.8722222 38 38.17837 0.13323991 -0.019097901 6.8951156e-05
5.9111111 38 38.173928 0.13323267 -0.018981813 7.2946858e-05
5.95 38 38.169512 0.13322544 -0.018873253 9.2974314e-05
5.9888889 38 38.165123 0.13321823 -0.018784685 9.2931815e-05
6.0277778 38 38.160757 0.13321103 -0.018688529 9.2863237e-05
6.0666667 38 38.156397 0.13320384 -0.018579503 9.2777685e-05
6.1055556 38 38.152068 0.13319666 -0.018461663 6.8094253e-05
6.1444444 38 38.147779 0.1331895 -0.018321689 6.7702091e-05
6.1833333 38 38.143524 0.13318235 -0.018182606 6.7337962e-05
6.2222222 38 38.139298 0.13317521 -0.018059135 6.6992014e-05
6.2611111 38 38.135099 0.13316809 -0.017946158 6.6659049e-05
6.3 38 38.130925 0.13316098 -0.017838565 6.6336066e-05
6.3388889 38 38.126775 0.13315388 -0.017733693 6.6021208e-05
6.3777778 38 38.122649 0.13314679 -0.01763032 6.5713253e-05
6.4166667 38 38.118548 0.13313972 -0.017527912 6.5411356e-05
6.4555556 38 38.11447 0.13313266 -0.017426249 6.5114901e-05
6.4944444 38 38.110416 0.13312561 -0.017325252 6.4823428e-05
6.5333333 38 38.106385 0.13311857 -0.017224905 6.4536578e-05
6.5722222 38 38.102378 0.13311154 -0.017125217 6.4254065e-05
6.6111111 38 38.098393 0.13310453 -0.017026208 6.3975658e-05
6.65 38 38.094432 0.13309752 -0.016927897 6.3701165e-05
6.6888889 38 38.090494 0.13309053 -0.016830304 6.3430424e-05
6.7277778 38 38.086578 0.13308355 -0.01673585 0.00010021775
6.7666667 38 38.082685 0.13307658 -0.016657238 0.0001004356
6.8055556 38 38.078813 0.13306962 -0.016577625 0.00010059761
6.8444444 38 38.074949 0.13306268 -0.01648831 0.00010072076
6.8833333 38 38.071105 0.13305574 -0.016392844 6.3913266e-05
6.9222222 38 38.067294 0.13304881 -0.016282669 6.3481866e-05
6.9611111 38 38.063511 0.1330419 -0.016167554 6.3099104e-05
7 38 38.059753 0.133035 -0.01606351 6.2747646e-05
7.0388889 38 38.056017 0.13302811 -0.015968253 6.2418064e-05
7.0777778 38 38.052302 0.13302124 -0.015877689 6.2104704e-05
7.1166667 38 38.048607 0.13301437 -0.015789533 6.1803959e-05
7.1555556 38 38.044934 0.13300751 -0.015702716 6.1513407e-05
7.1944444 38 38.04128 0.13300067 -0.01561676 6.1231354e-05
7.2333333 38 38.037646 0.13299384 -0.015531467 7.5039369e-05
7.2722222 38 38.034032 0.13298701 -0.015449002 8.4851419e-05
7.3111111 38 38.030438 0.1329802 -0.015371082 8.4861306e-05
7.35 38 38.026861 0.1329734 -0.015291037 8.4848666e-05
7.3888889 38 38.0233 0.13296661 -0.015208465 8.4818639e-05
7.4277778 38 38.01976 0.13295982 -0.015123988 6.0698939e-05
7.4666667 38 38.016242 0.13295305 -0.015034696 6.036526e-05
7.5055556 38 38.012745 0.1329463 -0.014947149 6.0053839e-05
7.5444444 38 38.009268 0.13293955 -0.014863771 5.9758734e-05
7.5833333 38 38.00581 0.13293281 -0.014783128 5.9476227e-05
7.6222222 38 38.00237 0.13292608 -0.014704044 5.9203848e-05
7.6611111 38 37.998948 0.13291936 -0.014625929 5.8939875e-05
7.7 38 37.995544 0.13291266 -0.014548516 5.8683061e-05
7.7388889 38 37.992159 0.13290596 -0.014471689 5.8432477e-05
7.7777778 38 37.988791 0.13289928 -0.014395401 5.8187413e-05
7.8166667 38 37.985441 0.1328926 -0.014319636 5.7947316e-05
7.8555556 38 37.982109 0.13288593 -0.01424439 5.7711743e-05
7.8944444 38 37.978794 0.13287928 -0.014169667 5.7480343e-05
7.9333333 38 37.975496 0.13287263 -0.014095468 5.7252823e-05
7.9722222 38 37.972216 0.132866 -0.014021799 5.7028946e-05
8.0111111 38 37.968953 0.13285937 -0.013948659 5.6808511e-05
8.05 38 37.965707 0.13285275 -0.013876052 5.659135e-05
8.0888889 38 37.962478 0.13284615 -0.013803978 5.6377318e-05
8.1277778 38 37.959265 0.13283955 -0.013732434 5.6166291e-05
8.1666667 38 37.956069 0.13283297 -0.013661421 5.5958162e-05
8.2055556 38 37.95289 0.13282639 -0.013590936 5.5752834e-05
8.2444444 38 37.949727 0.13281982 -0.013520975 5.5550224e-05
8.2833333 38 37.94658 0.13281327 -0.013451536 5.5350255e-05
8.3222222 38 37.94345 0.13280672 -0.013382615 5.5152858e-05
8.3611111 38 37.940335 0.13280018 -0.013314208 5.4957969e-05
8.4 38 37.937237 0.13279366 -0.013246309 5.476553e-05
8.4388889 38 37.934154 0.13278714 -0.013178915 5.4575483e-05
8.4777778 38 37.931087 0.13278063 -0.013112022 5.4387776e-05
8.5166667 38 37.928035 0.13277413 -0.013045623 5.4202358e-05
8.5555556 38 37.924999 0.13276764 -0.012979713 5.4019178e-05
8.5944444 38 37.921978 0.13276116 -0.012914289 5.3838187e-05
8.6333333 38 37.918972 0.13275469 -0.012849344 5.3659338e-05
8.6722222 38 37.915982 0.13274823 -0.012784873 5.3482583e-05
8.7111111 38 37.913006 0.13274178 -0.012720871 5.3307874e-05
8.75 38 37.910045 0.13273534 -0.012657333 5.3135163e-05
8.7888889 38 37.907099 0.13272891 -0.012594254 5.2964402e-05
8.8277778 38 37.904168 0.13272248 -0.012531628 5.2795544e-05
8.8666667 38 37.901251 0.13271607 -0.01246945 5.262854e-05
8.9055556 38 37.898349 0.13270967 -0.012407715 5.246334e-05
8.9444444 38 37.895461 0.13270327 -0.012326526 4.8560158e-05
8.9833333 38 37.892588 0.13269689 -0.01137082 3.1708467e-05
9.0222222 38.12799 37.889736 0.13269051 -0.0066071701 8.6180425e-07
9.0611111 38.35196 37.887516 0.13268427 0.0046311768 -4.3733892e-05
9.1 38.575893 37.888646 0.13267868 0.023486209 -9.9920185e-05
9.1388889 38.799766 37.895979 0.13267431 0.049693519 -0.00015702278
9.1777778 39.023557 37.910859 0.13267145 0.080502844 -0.00021157677
9.2166667 39.247241 37.933538 0.13267016 0.11242585 -0.00026278468
9.2555556 39.470797 37.963752 0.13267041 0.14339021 -0.00031048857
9.2944444 39.694199 38.001038 0.13267214 0.17252416 -0.0003548085
9.3333333 39.917426 38.044877 0.13267526 0.19957276 -0.00039597553
9.3722222 40.140455 38.094761 0.13267969 0.22455559 -0.00043425429
9.4111111 40.363261 38.150213 0.13268536 0.24760281 -0.00046990764
9.45 40.585823 38.210802 0.13269219 0.26888065 -0.00050318131
9.4888889 40.808116 38.276136 0.13270013 0.28855851 -0.00053429836
9.5277778 41.030119 38.345863 0.13270913 0.30679522 -0.00056345806
9.5666667 41.251807 38.419667 0.13271913 0.3237341 -0.00059083702
9.6055556 41.473158 38.497263 0.13273009 0.33950205 -0.00061659113
9.6444444 41.69415 38.578395 0.13274198 0.35421036 -0.00064085773
9.6833333 41.914758 38.662828 0.13275476 0.36795618 -0.00066375778
9.7222222 42.134961 38.750351 0.13276841 0.38082418 -0.00068539785
9.7611111 42.354735 38.840769 0.13278288 0.39288812 -0.00070587185
9.8 42.574057 38.933904 0.13279817 0.40421228 -0.00072526261
9.8388889 42.792906 39.029592 0.13281425 0.41485273 -0.00074364319
9.8777778 43.011257 39.127679 0.13283109 0.4248584 -0.000761078
9.9166667 43.22909 39.228023 0.13284869 0.43427201 -0.00077762372
9.9555556 43.44638 39.330493 0.13286701 0.4431308 -0.00079333016
9.9944444 43.663106 39.434963 0.13288604 0.45146721 -0.00080824085
10.033333 43.879244 39.541315 0.13290577 0.45930941 -0.00082239358
10.072222 44.094774 39.649438 0.13292619 0.46668171 -0.00083582084
10.111111 44.309671 39.759225 0.13294727 0.4736049 -0.00084855009
10.15 44.523915 39.870574 0.13296901 0.48009658 -0.00086060396
10.188889 44.737482 39.983386 0.13299139 0.48617128 -0.00087200035
10.227778 44.950351 40.097567 0.13301439 0.49184067 -0.00088275239
10.266667 45.162499 40.213022 0.133038 0.49711356 -0.00089286834
10.305556 45.373905 40.329662 0.13306221 0.50199594 -0.00090235126
10.344444 45.584547 40.447395 0.13308701 0.50649085 -0.00091119859
10.383333 45.794403 40.566132 0.13311237 0.5105983 -0.00091940153
10.422222 46.003451 40.685782 0.13313829 0.51431492 -0.0009269441
10.461111 46.211669 40.806256 0.13316474 0.51763361 -0.000933802
10.5 46.419036 40.927458 0.13319171 0.52054301 -0.00093994091
10.538889 46.62553 41.049294 0.13321918 0.52302679 -0.00094531443
10.577778 46.83113 41.171662 0.13324712 0.52506261 -0.00094986108
10.616667 47.035815 41.294455 0.13327552 0.52662088 -0.00095350045
10.655556 47.239563 41.41756 0.13330435 0.52766292 -0.00095612794
10.694444 47.442353 41.540854 0.13333358 0.52813863 -0.00095760746
10.733333 47.644165 41.664199 0.13336318 0.52798324 -0.0009577616
10.772222 47.844977 41.787442 0.13339311 0.52711282 -0.00095635772
10.811111 48.044769 41.91041 0.13342332 0.52541819 -0.00095308865
10.85 48.243519 42.0329 0.13345376 0.52275631 -0.00094754529
10.888889 48.441208 42.154676 0.13348437 0.51894197 -0.00094042927
10.927778 48.637815 42.275452 0.13351508 0.51401256 -0.00093517728
10.966667 48.833318 42.39488 0.13354578 0.50898993 -0.00093333781
11.005556 49.027699 42.512721 0.13357642 0.50520715 -0.00093586318
11.044444 49.220937 42.629631 0.13360711 0.50361051 -0.00094314837
11.083333 49.413012 42.746697 0.13363812 0.5047327 -0.00095234015
11.122222 49.603903 42.864596 0.13366963 0.50810934 -0.00096174959
11.161111 49.793592 42.983605 0.1337017 0.51259311 -0.00097082054
11.2 49.982059 43.103788 0.13373438 0.51735531 -0.00097932485
11.238889 50.169283 43.225106 0.13376766 0.52197754 -0.00098718055
11.277778 50.355246 43.347481 0.13380153 0.52627797 -0.0009943738
11.316667 50.539929 43.470817 0.13383599 0.53019065 -0.001000922
11.355556 50.723311 43.595018 0.13387101 0.5337036 -0.0010068558
11.394444 50.905375 43.719989 0.13390657 0.53682879 -0.0010122103
11.433333 51.086101 43.845641 0.13394267 0.53958784 -0.0010170208
11.472222 51.265471 43.971891 0.13397928 0.54200524 -0.0010213205
11.511111 51.443466 44.098665 0.13401638 0.5441052 -0.0010251401
11.55 51.620067 44.225889 0.13405396 0.54591028 -0.0010285072
11.588889 51.795256 44.353499 0.13409201 0.54744092 -0.0010314467
11.627778 51.969016 44.481433 0.1341305 0.54871535 -0.0010339806
11.666667 52.141327 44.609633 0.13416944 0.54974971 -0.0010361286
11.705556 52.312173 44.738046 0.13420879 0.55055823 -0.0010379083
11.744444 52.481535 44.86662 0.13424855 0.55115347 -0.0010393354
11.783333 52.649397 44.995307 0.1342887 0.55154654 -0.0010404239
11.822222 52.815739 45.124062 0.13432924 0.55174725 -0.0010411863
11.861111 52.980546 45.25284 0.13437014 0.55176432 -0.0010416338
11.9 53.143801 45.381601 0.1344114 0.55160552 -0.0010417768
11.938889 53.305485 45.510303 0.13445299 0.5512778 -0.0010416245
11.977778 53.465583 45.638909 0.13449492 0.55078739 -0.0010411852
12.016667 53.624078 45.767381 0.13453716 0.55013992 -0.0010404666
12.055556 53.780954 45.895683 0.13457971 0.54934048 -0.0010394757
12.094444 53.936194 46.023781 0.13462254 0.54839369 -0.0010382189
12.133333 54.089781 46.15164 0.13466566 0.54730379 -0.0010367023
12.172222 54.241702 46.279228 0.13470904 0.54607464 -0.0010349313
12.211111 54.391938 46.406513 0.13475267 0.54470981 -0.0010329112
12.25 54.540476 46.533463 0.13479654 0.54321261 -0.0010306466
12.288889 54.687299 46.660048 0.13484063 0.5415861 -0.0010281421
12.327778 54.832392 46.786239 0.13488494 0.53983312 -0.0010254019
12.366667 54.975741 46.912005 0.13492946 0.53795636 -0.00102243
12.405556 55.11733 47.037319 0.13497415 0.53595832 -0.0010192303
12.444444 55.257145 47.162152 0.13501903 0.53384138 -0.0010158063
12.483333 55.395171 47.286477 0.13506406 0.53160777 -0.0010121615
12.522222 55.531394 47.410268 0.13510924 0.52925963 -0.0010082992
12.561111 55.665799 47.533496 0.13515456 0.52679899 -0.0010042226
12.6 55.798374 47.656138 0.1352 0.52422778 -0.00099993471
12.638889 55.929104 47.778166 0.13524555 0.52154788 -0.00099543858
12.677778 56.057975 47.899557 0.1352912 0.51876107 -0.00099073705
12.716667 56.184974 48.020284 0.13533692 0.51586909 -0.00098583293
12.755556 56.310089 48.140325 0.13538272 0.51287362 -0.00098072895
12.794444 56.433306 48.259654 0.13542857 0.50977627 -0.00097542778
12.833333 56.554612 48.378248 0.13547446 0.50657864 -0.00096993205
12.872222 56.673995 48.496085 0.13552038 0.50328227 -0.00096424431
12.911111 56.791442 48.61314 0.13556631 0.49988866 -0.00095836712
12.95 56.906941 48.729393 0.13561225 0.49639929 -0.00095230295
12.988889 57.020481 48.84482 0.13565817 0.49281561 -0.00094605427
13.027778 57.132049 48.959399 0.13570406 0.48913905 -0.00093962352
13.066667 57.241634 49.07311 0.13574992 0.485371 -0.0009330131
13.105556 57.349224 49.185931 0.13579572 0.48151285 -0.00092622542
13.144444 57.454809 49.297841 0.13584146 0.47756596 -0.00091926285
13.183333 57.558377 49.40882 0.13588712 0.47353168 -0.00091212775
13.222222 57.659918 49.518847 0.13593268 0.46941134 -0.00090482246
13.261111 57.759421 49.627902 0.13597813 0.46520628 -0.00089734934
13.3 57.856876 49.735966 0.13602347 0.46091779 -0.00088971071
13.338889 57.952273 49.84302 0.13606866 0.45654718 -0.00088190889
13.377778 58.045602 49.949044 0.13611372 0.45209576 -0.00087394622
13.416667 58.136853 50.05402 0.1361586 0.44756479 -0.00086582501
13.455556 58.226016 50.157929 0.13620332 0.44295557 -0.00085754757
13.494444 58.313083 50.260754 0.13624785 0.43826936 -0.00084911623
13.533333 58.398045 50.362476 0.13629217 0.43350744 -0.00084053329
13.572222 58.480892 50.463078 0.13633628 0.42867107 -0.00083180109
13.611111 58.561616 50.562543 0.13638017 0.42376151 -0.00082292193
13.65 58.640209 50.660854 0.13642381 0.41878002 -0.00081389814
13.688889 58.716663 50.757994 0.1364672 0.41372785 -0.00080473203
13.727778 58.790969 50.853946 0.13651032 0.40860626 -0.00079542595
13.766667 58.86312 50.948696 0.13655317 0.4034165 -0.00078598221
13.805556 58.933109 51.042226 0.13659572 0.39815982 -0.00077640316
13.844444 59.000928 51.134522 0.13663797 0.39283745 -0.00076669112
13.883333 59.06657 51.225568 0.1366799 0.38745066 -0.00075684845
13.922222 59.130028 51.31535 0.1367215 0.38200068 -0.00074687747
13.961111 59.191297 51.403852 0.13676276 0.37648875 -0.00073678056
14 59.250368 51.491062 0.13680367 0.37091612 -0.00072656005
14.038889 59.307237 51.576963 0.13684421 0.36528403 -0.00071621831
14.077778 59.361898 51.661544 0.13688438 0.35959372 -0.00070575769
14.116667 59.414344 51.74479 0.13692415 0.35384644 -0.00069518057
14.155556 59.46457 51.826688 0.13696353 0.34804341 -0.0006844893
14.194444 59.512572 51.907225 0.13700249 0.34218588 -0.00067368626
14.233333 59.558344 51.986389 0.13704103 0.33627508 -0.00066277383
14.272222 59.601881 52.064168 0.13707913 0.33031226 -0.00065175439
14.311111 59.643179 52.140549 0.13711679 0.32429865 -0.0006406303
14.35 59.682233 52.215521 0.13715399 0.31823548 -0.00062940396
14.388889 59.71904 52.289073 0.13719073 0.31212399 -0.00061807775
14.427778 59.753596 52.361192 0.13722699 0.30596541 -0.00060665406
14.466667 59.785898 52.431869 0.13726276 0.29976098 -0.00059513526
14.505556 59.81594 52.501093 0.13729803 0.29351192 -0.00058352376
14.544444 59.843722 52.568854 0.1373328 0.28721947 -0.00057182194
14.583333 59.869239 52.635141 0.13736704 0.28088486 -0.00056003218
14.622222 59.89249 52.699945 0.13740076 0.2745093 -0.00054815689
14.661111 59.913471 52.763256 0.13743395 0.26809403 -0.00053619844
14.7 59.932181 52.825066 0.13746658 0.26164027 -0.00052415922
14.738889 59.948618 52.885365 0.13749867 0.25514924 -0.00051204163
14.777778 59.962779 52.944146 0.13753019 0.24862216 -0.00049984804
14.816667 59.974665 53.001399 0.13756113 0.24206025 -0.00048758083
14.855556 59.984272 53.057116 0.1375915 0.23546472 -0.0004752424
14.894444 59.9916 53.111291 0.13762128 0.22883679 -0.00046283512
14.933333 59.996649 53.163916 0.13765046 0.22217767 -0.00045036135
14.972222 59.999418 53.214983 0.13767903 0.21548855 -0.00043782348
15.011111 59.999907 53.264485 0.137707 0.20877066 -0.00042522386
15.05 59.998115 53.312417 0.13773434 0.20202518 -0.00041256487
15.088889 59.994043 53.358771 0.13776106 0.19525333 -0.00039984885
15.127778 59.987692 53.403542 0.13778714 0.18845628 -0.00038707817
15.166667 59.979061 53.446724 0.13781259 0.18163523 -0.00037425517
15.205556 59.968152 53.488311 0.13783738 0.17479138 -0.00036138218
15.244444 59.954966 53.528299 0.13786153 0.1679259 -0.00034846155
15.283333 59.939504 53.566682 0.13788501 0.16103997 -0.0003354956
15.322222 59.921768 53.603457 0.13790783 0.15413477 -0.00032248666
15.361111 59.90176 53.638617 0.13792998 0.14721147 -0.00030943703
15.4 59.879482 53.67216 0.13795145 0.14027123 -0.00029634902
15.438889 59.854935 53.704081 0.13797225 0.13331523 -0.00028322493
15.477778 59.828124 53.734378 0.13799235 0.12634461 -0.00027006706
15.516667 59.79905 53.763046 0.13801177 0.11936052 -0.00025687767
15.555556 59.767716 53.790083 0.13803049 0.11236412 -0.00024365904
15.594444 59.734126 53.815486 0.13804852 0.10535654 -0.00023041343
15.633333 59.698283 53.839252 0.13806584 0.098338927 -0.00021714309
15.672222 59.660191 53.86138 0.13808245 0.091312405 -0.00020385026
15.711111 59.619854 53.881867 0.13809835 0.084278099 -0.00019053718
15.75 59.577276 53.900711 0.13811354 0.077237129 -0.00017720606
15.788889 59.532462 53.917912 0.13812802 0.070190608 -0.00016385911
15.827778 59.485415 53.933468 0.13814177 0.063139643 -0.00015049853
15.866667 59.436141 53.947378 0.1381548 0.056085333 -0.0001371265
15.905556 59.384646 53.959642 0.13816711 0.049028772 -0.00012374519
15.944444 59.330934 53.970259 0.13817869 0.041971048 -0.00011035677
15.983333 59.275011 53.979228 0.13818955 0.034913241 -9.6963372e-05
16.022222 59.216882 53.986551 0.13819967 0.027856423 -8.3567142e-05
16.061111 59.156555 53.992228 0.13820906 0.020801661 -7.0170196e-05
16.1 59.094034 53.996258 0.13821772 0.013750014 -5.6774641e-05
16.138889 59.029327 53.998643 0.13822565 0.0067025335 -4.3382569e-05
16.177778 58.96244 53.999384 0.13823284 -0.00033973689 -2.9996058e-05
16.216667 58.893381 53.998483 0.1382393 -0.0073757609 -1.6617172e-05
16.255556 58.822155 53.99594 0.13824503 -0.01440451 -3.2479584e-06
16.294444 58.748772 53.991758 0.13825002 -0.021424964 1.0109548e-05
16.333333 58.673238 53.985939 0.13825427 -0.028436111 2.345333e-05
16.372222 58.595561 53.978485 0.13825779 -0.035436946 3.6781386e-05
16.411111 58.515749 53.969399 0.13826058 -0.042426474 5.0091729e-05
16.45 58.43381 53.958683 0.13826263 -0.049403708 6.3382389e-05
16.488889 58.349754 53.94634 0.13826396 -0.056367669 7.6651413e-05
16.527778 58.263588 53.932374 0.13826455 -0.063317387 8.9896865e-05
16.566667 58.175322 53.916788 0.13826441 -0.070251903 0.00010311682
16.605556 58.084964 53.899585 0.13826355 -0.077170263 0.00011630939
16.644444 57.992525 53.88077 0.13826196 -0.084071526 0.00012947268
16.683333 57.898013 53.860347 0.13825965 -0.090954758 0.00014260482
16.722222 57.801439 53.838319 0.13825662 -0.097819035 0.00015570396
16.761111 57.702812 53.814692 0.13825287 -0.10466344 0.00016876828
16.8 57.602144 53.789471 0.1382484 -0.11148708 0.00018179597
16.838889 57.499443 53.762659 0.13824322 -0.11828904 0.00019478522
16.877778 57.394721 53.734263 0.13823733 -0.12506845 0.00020773427
16.916667 57.287989 53.704287 0.13823074 -0.13182444 0.00022064136
16.955556 57.179257 53.672738 0.13822344 -0.13855613 0.00023350476
16.994444 57.068538 53.639621 0.13821545 -0.14526267 0.00024632275
17.033333 56.955842 53.604941 0.13820675 -0.15194321 0.00025909364
17.072222 56.841181 53.568706 0.13819737 -0.15859693 0.00027181574
17.111111 56.724567 53.530922 0.13818731 -0.165223 0.00028448741
17.15 56.606012 53.491594 0.13817656 -0.17182061 0.00029710701
17.188889 56.485529 53.450731 0.13816513 -0.17838894 0.00030967292
17.227778 56.363129 53.408338 0.13815303 -0.18492723 0.00032218357
17.266667 56.238827 53.364423 0.13814026 -0.19143467 0.00033463736
17.305556 56.112633 53.318993 0.13812683 -0.19791051 0.00034703276
17.344444 55.984563 53.272055 0.13811275 -0.20435398 0.00035936824
17.383333 55.854628 53.223618 0.13809801 -0.21076434 0.00037164229
17.422222 55.722842 53.173689 0.13808262 -0.21714084 0.00038385342
17.461111 55.589219 53.122276 0.1380666 -0.22348278 0.00039600002
17.5 55.453773 53.069387 0.13804994 -0.22978936 0.00040806937
17.538889 55.316518 53.015031 0.13803265 -0.23605824 0.00042003906
17.577778 55.177469 52.959216 0.13801474 -0.24228253 0.00043188991
17.616667 55.036638 52.901951 0.13799622 -0.24845278 0.00044360834
17.655556 54.894042 52.843252 0.13797709 -0.25456083 0.00045519336
17.694444 54.749694 52.783136 0.13795736 -0.26060267 0.00046666507
17.733333 54.603611 52.721619 0.13793705 -0.26658215 0.00047804753
17.772222 54.455806 52.658716 0.13791615 -0.27251058 0.00048936487
17.811111 54.306296 52.594437 0.13789468 -0.27840233 0.00050063895
17.85 54.155095 52.528789 0.13787265 -0.28427176 0.00051188832
17.888889 54.00222 52.461775 0.13785006 -0.29013171 0.00052312794
17.927778 53.847686 52.393395 0.13782691 -0.29599298 0.00053436912
17.966667 53.69151 52.323648 0.13780321 -0.30186415 0.00054561961
18.005556 53.533707 52.25253 0.13777896 -0.30775152 0.00055688381
18.044444 53.374294 52.180037 0.13775416 -0.31365928 0.00056816303
18.083333 53.213287 52.106162 0.13772883 -0.31958962 0.00057945581
18.122222 53.050704 52.030901 0.13770295 -0.32554295 0.00059075823
18.161111 52.88656 51.954249 0.13767654 -0.33151807 0.00060206429
18.2 52.720873 51.876199 0.13764959 -0.33751238 0.00061336629
18.238889 52.553661 51.796747 0.13762211 -0.34352216 0.00062465516
18.277778 52.38494 51.715891 0.13759411 -0.34954273 0.00063592083
18.316667 52.214728 51.633629 0.13756559 -0.35556867 0.00064715253
18.355556 52.043042 51.549959 0.13753655 -0.36159405 0.00065833911
18.394444 51.869901 51.464883 0.137507 -0.36761262 0.00066946934
18.433333 51.695322 51.378403 0.13747695 -0.37361794 0.00068053204
18.472222 51.519324 51.290523 0.1374464 -0.37960354 0.00069151639
18.511111 51.341924 51.201247 0.13741535 -0.38556309 0.00070241201
18.55 51.163141 51.110584 0.13738383 -0.39149044 0.0007132091
18.588889 50.982994 51.018541 0.13735182 -0.39737973 0.00072389855
18.627778 50.801501 50.925128 0.13731936 -0.40322547 0.00073447197
18.666667 50.618682 50.830356 0.13728643 -0.40902255 0.00074492176
18.705556 50.434554 50.734236 0.13725306 -0.4147663 0.00075524107
18.744444 50.249137 50.636782 0.13721925 -0.42045247 0.00076542387
18.783333 50.062451 50.538007 0.13718501 -0.42607726 0.00077546487
18.822222 49.874514 50.437928 0.13715035 -0.43163731 0.00078535949
18.861111 49.685347 50.336558 0.13711529 -0.43712966 0.00079510387
18.9 49.494968 50.233914 0.13707983 -0.44255176 0.00080469479
18.938889 49.303398 50.130013 0.13704399 -0.44790144 0.00081412961
18.977778 49.110657 50.024873 0.13700777 -0.45317685 0.00082340625
19.016667 48.916763 49.918509 0.1369712 -0.45837648 0.00083252316
19.055556 48.721738 49.810942 0.13693427 -0.4634991 0.00084147919
19.094444 48.525602 49.702188 0.13689701 -0.46854373 0.00085027364
19.133333 48.328374 49.592266 0.13685942 -0.47350964 0.00085890614
19.172222 48.130076 49.481195 0.13682152 -0.47839629 0.00086737667
19.211111 47.930728 49.368992 0.13678331 -0.48320334 0.00087568547
19.25 47.730351 49.255678 0.13674481 -0.48793058 0.00088383304
19.288889 47.528965 49.141269 0.13670603 -0.49257795 0.00089182009
19.327778 47.326592 49.025786 0.13666699 -0.49714551 0.00089964753
19.366667 47.123251 48.909246 0.13662769 -0.50163343 0.00090731642
19.405556 46.918965 48.791668 0.13658814 -0.50604194 0.00091482795
19.444444 46.713755 48.673071 0.13654836 -0.51037136 0.00092218346
19.483333 46.507641 48.553472 0.13650836 -0.51462205 0.00092938435
19.522222 46.300646 48.432892 0.13646815 -0.51879445 0.00093643214
19.561111 46.09279 48.311347 0.13642774 -0.522889 0.00094332841
19.6 45.884095 48.188855 0.13638715 -0.5269062 0.00095007478
19.638889 45.674583 48.065436 0.13634637 -0.53084655 0.00095667294
19.677778 45.464275 47.941106 0.13630544 -0.53471059 0.00096312463
19.716667 45.253194 47.815883 0.13626434 -0.53849886 0.00096943158
19.755556 45.041361 47.689785 0.13622311 -0.54221191 0.00097559559
19.794444 44.828798 47.56283 0.13618174 -0.54585029 0.00098161844
19.833333 44.615528 47.435034 0.13614024 -0.54941455 0.00098750196
19.872222 44.401571 47.306416 0.13609864 -0.55290525 0.00099324796
19.911111 44.186951 47.176991 0.13605693 -0.55632875 0.0010488019
19.95 43.97169 47.046778 0.13601513 -0.56055077 0.0010863602
19.988889 43.75581 46.915792 0.13597325 -0.56579367 0.0011281312
20.027778 43.539333 46.783423 0.13593114 -0.57052535 0.0011343709
20.066667 43.322282 46.648964 0.13588863 -0.57499093 0.0011851609
20.105556 43.104679 46.514202 0.13584617 -0.5789917 0.001109166
20.144444 42.886547 46.378953 0.13580373 -0.58054073 0.0011407027
20.183333 42.667909 46.242935 0.13576125 -0.58222406 0.0011243286
20.222222 42.448787 46.107089 0.13571895 -0.58367688 0.0010987869
20.261111 42.229203 45.970783 0.13567668 -0.58456991 0.0011169885
20.3 42.009182 45.834167 0.1356345 -0.5859179 0.0010974255
20.338889 41.788744 45.697363 0.13559242 -0.58738097 0.0011007129
20.377778 41.567914 45.560215 0.13555042 -0.58919692 0.0011046838
20.416667 41.346714 45.422628 0.13550848 -0.59139261 0.001109065
20.455556 41.125168 45.284303 0.13546653 -0.59375857 0.001130351
20.494444 40.903297 45.145408 0.13542461 -0.59620035 0.0011309644
20.533333 40.681126 45.006041 0.13538276 -0.59816982 0.0011331874
20.572222 40.458676 44.866128 0.13534095 -0.59994649 0.0011590845
20.611111 40.235972 44.725981 0.13529927 -0.60232074 0.0011453254
20.65 40.013036 44.585482 0.13525769 -0.60433794 0.0011754323
20.688889 39.789891 44.443939 0.13521606 -0.60692196 0.0011903803
20.727778 39.566561 44.302085 0.13517454 -0.60944015 0.0011605667
20.766667 39.343068 44.159518 0.13513306 -0.6112106 0.001175561
20.805556 39.119436 44.016598 0.1350917 -0.61256231 0.0011640616
20.844444 38.895688 43.87345 0.13505049 -0.61350238 0.0011658454
20.883333 38.671847 43.730259 0.13500947 -0.61449631 0.0011688513
20.922222 38.447937 43.586937 0.13496863 -0.61610198 0.0012061086
20.961111 38.22398 43.443132 0.13492789 -0.61842214 0.0012124264
21 38 43.298545 0.13488719 -0.6186558 0.001182883
21.038889 38 43.153041 0.1348465 -0.61270315 0.001138714
21.077778 38 43.009003 0.13480636 -0.59882516 0.0010776065
21.116667 38 42.870262 0.13476761 -0.5769412 0.001008537
21.155556 38 42.738652 0.13473061 -0.54901926 0.00097036139
21.194444 38 42.614101 0.13469533 -0.51916557 0.00092454684
21.233333 38 42.496561 0.1346617 -0.49010668 0.00087724646
21.272222 38 42.385774 0.13462966 -0.46283932 0.00084716115
21.311111 38 42.281365 0.13459909 -0.43776089 0.00081440157
21.35 38 42.182356 0.13456975 -0.41514859 0.0007985925
21.388889 38 42.088262 0.13454154 -0.39442335 0.00076259187
21.427778 38 41.998505 0.13451432 -0.37486431 0.00072498521
21.466667 38 41.913295 0.13448811 -0.35687982 0.00068570625
21.505556 38 41.832546 0.1344629 -0.34033791 0.00066627793
21.544444 38 41.755342 0.13443847 -0.32540862 0.00063366669
21.583333 38 41.681088 0.13441469 -0.31230073 0.00062320798
21.622222 38 41.609731 0.13439155 -0.30035879 0.00060377189
21.661111 38 41.541126 0.13436902 -0.28909139 0.00058771206
21.7 38 41.475078 0.13434705 -0.27836058 0.00056019075
21.738889 38 41.411329 0.13432558 -0.26828859 0.00055441869
21.777778 38 41.349982 0.13430463 -0.25899133 0.00053886058
21.816667 38 41.290766 0.13428414 -0.25022698 0.00051801449
21.855556 38 41.233439 0.13426406 -0.24199039 0.00050469671
21.894444 38 41.177839 0.13424435 -0.23426535 0.00050077894
21.933333 38 41.124151 0.13422505 -0.22701583 0.000490168
21.972222 38 41.072137 0.13420612 -0.2201408 0.00045763411
22.011111 38 41.021622 0.1341875 -0.21374289 0.00046703138
22.05 38 40.97243 0.13416917 -0.2078691 0.00045085626
22.088889 38 40.924679 0.13415115 -0.20239746 0.00042958763
22.127778 38 40.878167 0.1341334 -0.19688505 0.00043057353
22.166667 38 40.832739 0.13411587 -0.19171956 0.0004132114
22.205556 38 40.788677 0.13409864 -0.18676069 0.00039119007
22.244444 38 40.745747 0.13408165 -0.18168319 0.00039698231
22.283333 38 40.703875 0.13406489 -0.17703686 0.00039166688
22.322222 38 40.663192 0.13404838 -0.17265377 0.00038428785
22.361111 38 40.623459 0.13403207 -0.16825915 0.00037728979
22.4 38 40.584633 0.13401596 -0.16413912 0.0003784935
22.438889 38 40.546839 0.13400007 -0.1601925 0.00035300832
22.477778 38 40.510002 0.13398438 -0.15569669 0.00035685558
22.516667 38 40.473942 0.13396885 -0.15142445 0.00035119554
22.555556 38 40.439273 0.13395362 -0.14769729 0.00034423604
22.594444 38 40.405534 0.13393859 -0.14420055 0.00034638719
22.633333 38 40.372237 0.13392365 -0.14135509 0.00033065191
22.672222 38 40.339457 0.13390883 -0.13898696 0.00032519937
22.711111 38 40.307328 0.13389414 -0.1364701 0.00033505407
22.75 38 40.275795 0.13387958 -0.13385405 0.00031449005
22.788889 38 40.244869 0.13386516 -0.13088311 0.00032107347
22.827778 38 40.21452 0.13385086 -0.12775395 0.0003173578
22.866667 38 40.185107 0.13383675 -0.12495119 0.00030855645
22.905556 38 40.156559 0.13382283 -0.12228921 0.00030749874
22.944444 38 40.128313 0.13380898 -0.11969758 0.00032213149
22.983333 38 40.100439 0.13379521 -0.11764525 0.00032577701
23.022222 38 40.073367 0.13378161 -0.11499301 0.0003472205
23.061111 38 40.046717 0.1337681 -0.11203813 0.00033529664
23.1 38 40.020944 0.13375478 -0.10991086 0.00030394768
23.138889 38 39.995907 0.13374161 -0.1083165 0.00030454558
23.177778 38 39.970872 0.13372845 -0.10736962 0.00028932315
23.216667 38 39.945759 0.13371528 -0.10676683 0.0002604096
23.255556 38 39.920739 0.13370214 -0.10575126 0.00026637617
23.294444 38 39.896172 0.13368909 -0.1042661 0.00025524016
23.333333 38 39.872107 0.13367616 -0.10193235 0.00026327481
23.372222 38 39.848426 0.1336633 -0.09925536 0.00026096366
23.411111 38 39.825532 0.13365062 -0.097020998 0.00024903109
23.45 38 39.803524 0.13363812 -0.095077328 0.00024359038
23.488889 38 39.781621 0.13362564 -0.093352366 0.00024275999
23.527778 38 39.759806 0.13361319 -0.092171106 0.00024451212
23.566667 38 39.73838 0.13360083 -0.09085171 0.00025973931
23.605556 38 39.717457 0.13358857 -0.089213898 0.00025176485
23.644444 38 39.696807 0.13357638 -0.087783142 0.00025347194
23.683333 38 39.676572 0.13356427 -0.086910443 0.00024471538
23.722222 38 39.656483 0.1335522 -0.086061989 0.0002246366
23.761111 38 39.636388 0.13354014 -0.085259517 0.00023805142
23.8 38 39.616479 0.13352812 -0.08412803 0.00022307385
23.838889 38 39.596941 0.13351618 -0.082709544 0.00022046387
23.877778 38 39.577909 0.13350435 -0.081222528 0.00023048227
23.916667 38 39.559201 0.13349259 -0.079831991 0.00024503574
23.955556 38 39.540705 0.13348087 -0.079210487 0.00024381741
23.994444 38 39.522453 0.13346922 -0.078725033 0.00026146292
