beta_neg beta_pos gamma_neg gamma_pos
0.22212532 2.8621867 0.00042214773 0.0045991145
0.2246538 3.1043332 0.00045404227 0.0059910148
0.22529701 3.1875004 0.00048607936 0.0061504092
0.22730472 3.3647932 0.00048933302 0.0063026856
0.22856001 3.4682094 0.00049188649 0.0064075324
0.22948808 3.5471284 0.00050684972 0.0064139281
0.22968707 3.6345977 0.00050728563 0.0065906286
0.23047915 3.6381534 0.00050759625 0.0065916835
0.23054761 3.6480213 0.00051088905 0.0067685399
0.23062463 3.6514417 0.00051210731 0.0068212552
0.23239627 3.6543147 0.00051383594 0.0068532166
0.23247572 3.6759671 0.00051677156 0.0068735131
0.23313006 3.713017 0.00052031229 0.0070094295
0.23382461 3.7331524 0.00052658527 0.0070501993
0.23540147 3.7405415 0.00052804272 0.0071006712
0.23598208 3.7615895 0.00052821407 0.0071904588
0.23660787 3.8935138 0.00052858996 0.0072403582
0.23684481 3.9766752 0.00053596259 0.0072811909
0.23748635 4.0690494 0.00053828336 0.0072960071
0.23829586 4.1108098 0.00053990273 0.0073130733
0.2384835 4.1799344 0.00054000542 0.0073183827
0.23999592 4.2427287 0.00054178796 0.0073746645
0.24045653 4.282718 0.00054743653 0.007488853
0.24088445 4.3654008 0.00054748909 0.0075707159
0.24144983 4.3986227 0.0005493899 0.0077062097
0.24192528 4.4569851 0.00055002371 0.0077635135
0.2422922 4.4787664 0.00055104942 0.007992668
0.24271428 4.5052984 0.00055234023 0.0081537985
0.24280373 4.6077613 0.00055278846 0.0081639503
0.24302504 4.6717237 0.00055442787 0.0082373803
0.24354473 4.7143529 0.00055705202 0.0082515782
0.24361419 4.7534124 0.00055706359 0.0085192887
0.24451469 4.7544083 0.00056046719 0.0085863301
0.24476962 4.7555397 0.0005614286 0.008675029
0.24609474 4.7958957 0.00056279839 0.0090447238
0.24652983 4.8212069 0.00056295306 0.0090866889
0.24699398 4.8464519 0.00056334599 0.0091510342
0.2471589 4.8590364 0.00056541742 0.0091696943
0.24749566 4.8703471 0.00056567942 0.0091898161
0.24768987 4.8897543 0.00056794961 0.0092066455
0.24814465 4.9872602 0.00056808379 0.0092129544
0.24848393 5.0071287 0.00056965353 0.0092821898
0.24853714 5.0489648 0.00056989763 0.0092841617
0.24901548 5.0578852 0.00057100997 0.0092992724
0.24906288 5.1210099 0.00057108765 0.0093447172
0.24922594 5.1467079 0.00057163293 0.0093757768
0.24995637 5.1825121 0.00057182154 0.0094666221
0.24999542 5.2108331 0.00057214634 0.0095492823
0.25012238 5.2386535 0.00057541938 0.0096110157
0.25058267 5.3217991 0.00057594632 0.0096132637
0.25058809 5.348854 0.00057665548 0.0097524518
0.2506647 5.3713909 0.00057690665 0.0097534088
0.25073597 5.4029457 0.00057717497 0.0099048915
0.25077949 5.5200424 0.00057721588 0.0099284881
0.2524217 5.5686108 0.00057828708 0.0099713416
0.25286497 5.5818766 0.00057909095 0.0099746865
0.25287536 5.5977583 0.00057920532 0.0099806157
0.25295841 5.6131726 0.00058070093 0.01002598
0.25305152 5.6417278 0.00058116971 0.010032811
0.25319995 5.6857584 0.00058162197 0.010036112
0.25336151 5.7255131 0.00058393804 0.010060606
0.25354985 5.7682859 0.00058458581 0.010087002
0.25379924 5.7761635 0.00058472254 0.010105098
0.25390153 5.7848511 0.00058546963 0.010150501
0.25412927 5.7941506 0.00058595874 0.010198272
0.25414395 5.8068143 0.00058710871 0.010230329
0.25423869 5.8120721 0.00058827527 0.010238816
0.2543292 5.8714427 0.00058834988 0.010257022
0.25464758 5.8744519 0.0005884588 0.010387639
0.25495926 5.9230047 0.00058853375 0.010423807
0.25546435 5.9565522 0.00058880089 0.010432941
0.25593121 6.0150468 0.00058918071 0.010532433
0.25644365 6.0166185 0.00058921886 0.010566582
0.2567991 6.0182264 0.00059065031 0.010608286
0.25734799 6.1283301 0.00059255933 0.010697607
0.25739543 6.133754 0.0005928804 0.0107274
0.25753177 6.1683255 0.0005931951 0.010740845
0.25773722 6.27273 0.0005936969 0.010788943
0.257909 6.299476 0.00059446583 0.010801946
0.25827812 6.3359115 0.00059455128 0.010804509
0.25837779 6.3588576 0.00059478568 0.010815969
0.25851803 6.3937549 0.00059525408 0.010834573
0.25889667 6.4415894 0.00059532341 0.011029472
0.25903633 6.4778976 0.00059569005 0.011174024
0.25919205 6.5431292 0.00059606691 0.011195816
0.25942877 6.6117042 0.00059827951 0.011206438
0.25943466 6.6215848 0.00059862399 0.011224271
0.2594484 6.6233867 0.00059872734 0.011262584
0.26020591 6.65249 0.0005988807 0.011270755
0.26040555 6.8004297 0.00059909839 0.011314229
0.26116774 6.8087998 0.000599862 0.011435659
0.261347 6.8159134 0.00060027176 0.011502413
0.26160639 6.8192399 0.00060140139 0.01155229
0.2619364 6.8481904 0.00060172046 0.011556518
0.26238896 6.8553635 0.00060291685 0.011577104
0.26271265 6.8804326 0.00060307496 0.011592523
0.2627637 6.9122892 0.00060312802 0.011654005
0.26296081 6.9435057 0.00060497581 0.01169192
0.26311739 6.9667381 0.00060563413 0.011720364
0.26342023 6.974613 0.00060622328 0.01172357
0.26355831 6.9787969 0.00060665274 0.011727666
0.26400341 6.9788607 0.00060669256 0.011766078
0.26419458 6.9845048 0.00060679147 0.011788506
0.26428172 7.0045238 0.00060831162 0.011830206
0.2643021 7.0079014 0.00060841997 0.011893356
0.2646535 7.1176149 0.00060989844 0.011939605
0.26481534 7.1395642 0.00061056502 0.011953685
0.26482374 7.1706231 0.00061078213 0.011993279
0.26483218 7.2012568 0.00061119824 0.012154565
0.26514675 7.2074901 0.00061182046 0.012351611
0.26527387 7.2566867 0.00061230895 0.012624687
0.26538597 7.2598857 0.00061251715 0.012650832
0.26558407 7.2677842 0.00061338187 0.012676001
0.26563817 7.2754442 0.00061342722 0.01277582
0.26565566 7.2759157 0.00061344942 0.012817674
0.2658325 7.2814029 0.00061352206 0.012847604
0.26593246 7.2819345 0.00061357086 0.012851467
0.26602617 7.2869735 0.00061401173 0.012875384
0.26642008 7.3296898 0.00061413427 0.01291634
0.26694706 7.3930972 0.0006155553 0.012974547
0.26711946 7.3973311 0.0006169486 0.012996384
0.26731883 7.4307224 0.00061698689 0.013123974
0.26750133 7.4395624 0.00061730985 0.013132093
0.26762971 7.4562094 0.0006177048 0.013132459
0.26781585 7.5717836 0.0006181893 0.013171942
0.26791443 7.5781338 0.00061877873 0.013270938
0.26828225 7.5871727 0.00061889992 0.013272399
0.26897019 7.6132948 0.00061947342 0.013309994
0.26908561 7.6165002 0.00061990212 0.01344087
0.26923757 7.6260897 0.0006228511 0.013455602
0.2693052 7.62891 0.00062345804 0.013458555
0.26984325 7.6531046 0.00062390717 0.013495224
0.26997735 7.673332 0.00062412572 0.013541617
0.27054491 7.6753639 0.00062466416 0.013542619
0.27057259 7.7403866 0.00062546702 0.013544857
0.27070579 7.7439795 0.00062670892 0.013552514
0.27073813 7.7466634 0.00062671208 0.013556901
0.27126319 7.7676039 0.00062693889 0.013609785
0.27146793 7.7701256 0.00062706176 0.01361028
0.27164226 7.857771 0.00062737816 0.0136227
0.27168365 7.8945812 0.00062769007 0.013632169
0.27171581 7.9073979 0.00062837105 0.013700452
0.27198662 7.9341936 0.00062851521 0.013718929
0.2720565 7.9356093 0.00062865074 0.013736627
0.27249881 7.9552089 0.00062865762 0.013782102
0.27271332 8.0230067 0.00062937932 0.01388485
0.27297558 8.0575798 0.0006293814 0.013907034
0.27362919 8.0898728 0.00063102506 0.013984412
0.27420953 8.1094884 0.00063127064 0.014094685
0.27451787 8.1157286 0.00063151311 0.014110303
0.27537322 8.1260849 0.00063159034 0.014120087
0.27568396 8.1328376 0.00063339943 0.014131163
0.27580273 8.1626493 0.00063418147 0.014158895
0.27614725 8.1648056 0.00063425083 0.014188247
0.27645451 8.1751032 0.00063495548 0.014214933
0.27647363 8.1818643 0.00063670025 0.014276371
0.27676084 8.1885408 0.00063785185 0.014317078
0.27691858 8.1923001 0.00063871354 0.014343841
0.27700293 8.194275 0.00063906625 0.014347558
0.2770267 8.2037385 0.00063923353 0.014367824
0.27715989 8.2079787 0.00063943527 0.014464027
0.27765273 8.2203428 0.00063966248 0.014477059
0.27794394 8.2232545 0.00063971588 0.014499848
0.27810622 8.273457 0.00064019846 0.014517169
0.27819165 8.28209 0.00064144303 0.014532289
0.27881895 8.2874515 0.00064144603 0.014632283
0.27896923 8.2923748 0.00064237908 0.014705109
0.27928111 8.3057393 0.00064265406 0.014728421
0.27934227 8.3309922 0.00064301325 0.014795818
0.27951975 8.3318369 0.00064355509 0.0148151
0.27956413 8.3376438 0.00064433077 0.014825348
0.27962644 8.3504922 0.00064474182 0.014840565
0.27972492 8.3614297 0.00064477978 0.014878626
0.27981933 8.363039 0.00064625844 0.014951409
0.27999077 8.3927839 0.00064643383 0.015076211
0.28014999 8.42065 0.00064674249 0.01508871
0.28019827 8.4274575 0.00064747135 0.015147333
0.28058518 8.4662687 0.00064848145 0.015162401
0.28084479 8.4724023 0.00064859064 0.015195212
0.28097015 8.5040544 0.00064933575 0.01519529
0.28134871 8.5127039 0.00064990209 0.015200373
0.28160568 8.5127852 0.0006499577 0.015224628
0.28178563 8.5191798 0.00065153307 0.015229419
0.28183955 8.5214053 0.00065297631 0.015270874
0.28191006 8.5384453 0.00065380921 0.015271055
0.28219884 8.5465455 0.00065393645 0.015292975
0.28291949 8.5524941 0.00065506214 0.015294306
0.2833539 8.5721037 0.00065511448 0.015328667
0.28343086 8.5784882 0.00065526682 0.015354582
0.28365066 8.5845831 0.0006556156 0.015412917
0.28377326 8.5874808 0.00065587402 0.015434925
0.28386377 8.5930326 0.00065602333 0.015441556
0.28399547 8.6355848 0.00065693551 0.015448161
0.28415169 8.6381705 0.00065712245 0.015458374
0.28432061 8.6491814 0.00065738886 0.015528149
0.28434263 8.6570912 0.00065854643 0.015529666
0.28468873 8.6573154 0.00065865159 0.015537163
0.28470312 8.6673115 0.00065898828 0.015549044
0.28476246 8.7045108 0.00065900387 0.015566491
0.28549425 8.7138203 0.00065904441 0.015588792
0.28569822 8.7276572 0.00066034633 0.015611113
0.28600669 8.7280138 0.00066137783 0.015641854
0.28608507 8.731147 0.000661613 0.015682016
0.28710801 8.7339402 0.00066241035 0.01568232
0.28750122 8.7508579 0.0006628998 0.015708072
0.2876129 8.7532755 0.00066307011 0.015716939
0.28762677 8.7587097 0.000665053 0.015790211
0.28851457 8.7657389 0.00066551599 0.015851204
0.28854068 8.8150786 0.00066554385 0.015932017
0.28859646 8.8177122 0.00066565639 0.015944793
0.28863513 8.8647239 0.00066595346 0.016067342
0.28881787 8.9441409 0.00066659327 0.016082526
0.28884056 8.9447657 0.00066871574 0.016100192
0.28884518 9.0031174 0.00066879037 0.016170173
0.28920247 9.0339872 0.00066900606 0.016218218
0.28936492 9.0380735 0.00066908523 0.016231276
0.28940992 9.0551206 0.00066977736 0.016236021
0.28953455 9.0716975 0.00067036062 0.016300206
0.28982455 9.0875894 0.00067087152 0.016398083
0.29117925 9.1069185 0.00067193825 0.01640722
0.2912298 9.1252614 0.00067219047 0.016409193
0.2912597 9.1255463 0.00067323127 0.016513624
0.29176009 9.1370084 0.00067397519 0.016515064
0.29207329 9.141016 0.00067411999 0.016535976
0.29232286 9.1567384 0.00067425595 0.016546781
0.29232682 9.171781 0.00067438313 0.016608628
0.29244269 9.1767129 0.00067475736 0.016658687
0.29272333 9.1954462 0.00067487147 0.016692687
0.29300529 9.2082509 0.0006751796 0.016726213
0.29319766 9.211986 0.0006756274 0.016776222
0.29348189 9.2120339 0.00067598301 0.016819668
0.29369996 9.2233406 0.00067619103 0.016885538
0.29396712 9.2278064 0.00067655004 0.016908452
0.29411923 9.2413349 0.00067682655 0.016922317
0.29447318 9.2420748 0.00067691351 0.016975679
0.29475651 9.2668512 0.00067829223 0.016988659
0.29481199 9.3197305 0.00067932978 0.017001448
0.29487428 9.33666 0.00067935561 0.017006745
0.29507265 9.3440592 0.00068086472 0.017036629
0.29508455 9.3805375 0.00068120943 0.017062446
0.29516797 9.3821742 0.00068178291 0.017132592
0.29535897 9.3924201 0.00068190995 0.017141809
0.29538745 9.3936798 0.00068259615 0.017150102
0.29561446 9.3970781 0.00068308395 0.01715395
0.2957757 9.3987052 0.00068384422 0.017156616
0.2962387 9.4090963 0.00068393257 0.017265179
0.29680443 9.4123549 0.00068403659 0.017330933
0.29754124 9.4668374 0.00068448988 0.017331038
0.29809996 9.4765507 0.00068484315 0.017342255
0.29879026 9.5036651 0.00068531992 0.017368984
0.29898229 9.566386 0.00068546481 0.017381396
0.29910684 9.5836402 0.0006867759 0.017387398
0.29910727 9.6025629 0.00068693054 0.017422894
0.29918705 9.6042799 0.00068712915 0.017426875
0.29972561 9.6120082 0.00068757617 0.017467433
0.29973211 9.6152985 0.000687921 0.017486863
0.29976468 9.6161114 0.00068882092 0.017488584
0.30028302 9.6162653 0.00068935749 0.017512679
0.30094401 9.6479903 0.00068947636 0.017513795
0.30117635 9.6592318 0.00068952711 0.017522679
0.30131553 9.6677581 0.00069034019 0.017527213
0.30140395 9.6751144 0.00069068933 0.017538506
0.30200173 9.6938576 0.00069227714 0.017541123
0.30202404 9.6978258 0.000693349 0.017551584
0.30238482 9.7421348 0.00069417756 0.017556422
0.30248991 9.7931822 0.00069443325 0.017609254
0.30252403 9.7966007 0.0006952083 0.01762334
0.30255024 9.801347 0.00069579149 0.017638167
0.30260225 9.8270409 0.00069580165 0.017649977
0.30273265 9.8618958 0.00069591737 0.017742946
0.3028641 9.8991062 0.00069758025 0.017767571
0.30303925 9.9286088 0.00069763952 0.017805499
0.30319402 9.9308271 0.00069764567 0.017810382
0.30325331 9.9309704 0.00069765037 0.017828412
0.30330417 9.93704 0.00069864503 0.017868346
0.30344015 9.9381519 0.0006991622 0.017891499
0.3037327 9.9450044 0.00070011104 0.017896126
0.30384512 9.9511426 0.00070055984 0.017896595
0.30401714 9.9957914 0.0007006456 0.017910416
0.30451045 10.006568 0.00070159816 0.017916056
0.30478718 10.010028 0.00070161616 0.017936739
0.30502636 10.021317 0.00070184048 0.01794447
0.3053818 10.024686 0.00070194692 0.017962368
0.30567449 10.029591 0.00070242751 0.017970729
0.30574571 10.037318 0.0007024354 0.018038385
0.30591499 10.038 0.00070286287 0.018063866
0.30608058 10.045463 0.00070333141 0.018116257
0.30627437 10.04652 0.00070349156 0.018145049
0.30630016 10.047568 0.00070412365 0.018197201
0.30640224 10.065413 0.00070429908 0.018234218
0.30642018 10.072219 0.00070475788 0.018292054
0.30650629 10.081082 0.00070622662 0.018326533
0.30653446 10.088696 0.00070634163 0.018371682
0.30689418 10.088941 0.00070651801 0.018379684
0.30818959 10.117838 0.00070659525 0.018401406
0.30842672 10.169264 0.00070669287 0.018424101
0.30853754 10.171928 0.00070712659 0.018428454
0.30884327 10.183907 0.00070733187 0.018462829
0.30888178 10.211613 0.00070761039 0.018472175
0.30892355 10.229669 0.00070787269 0.0184737
0.30929542 10.232688 0.00070798055 0.018544315
0.30936007 10.23636 0.0007082145 0.018563745
0.30951158 10.23923 0.00070949527 0.018567831
0.3095929 10.24641 0.00071030669 0.018568323
0.30980994 10.249303 0.00071030707 0.018584676
0.30984411 10.250424 0.00071114975 0.018590516
0.31055275 10.257288 0.00071127015 0.018592894
0.31103061 10.262707 0.00071217915 0.018615093
0.31119578 10.263795 0.00071334949 0.018651751
0.31154174 10.320111 0.00071381936 0.018662519
0.31161041 10.320949 0.0007142782 0.018668182
0.3119165 10.323731 0.00071429021 0.018672955
0.31200563 10.333181 0.00071462698 0.018688158
0.31212224 10.341315 0.00071547635 0.018726131
0.31212444 10.347843 0.00071552587 0.01877498
0.31228232 10.357604 0.00071597281 0.018777325
0.31250772 10.357637 0.00071621088 0.018778985
0.312541 10.376445 0.00071708427 0.018780517
0.31312261 10.382394 0.00071820849 0.018846621
0.31316918 10.386469 0.00072015671 0.018877172
0.31347998 10.393443 0.00072019665 0.018878438
0.31348741 10.399589 0.00072053925 0.018883971
0.3134994 10.414565 0.00072157523 0.018889047
0.31409427 10.416121 0.00072181027 0.018904233
0.31463994 10.421874 0.00072181513 0.018975813
0.31510617 10.429371 0.00072229488 0.019059697
0.31527053 10.430809 0.00072254971 0.019072085
0.31538771 10.447721 0.00072284097 0.019123826
0.31592525 10.456969 0.00072394919 0.019156345
0.31608708 10.486686 0.00072407972 0.019156385
0.31612212 10.498454 0.00072427122 0.019163364
0.31671097 10.500587 0.00072496003 0.019187064
0.31699706 10.508499 0.00072512313 0.019209176
0.31798428 10.538298 0.0007252968 0.019227525
0.31817666 10.541125 0.00072652908 0.019323056
0.31821129 10.559846 0.00072842952 0.019348263
0.31831749 10.564521 0.00072856993 0.019385321
0.31833868 10.58564 0.00072947146 0.019423122
0.31855814 10.602613 0.00072950803 0.019454738
0.31877533 10.60319 0.00072990562 0.019457988
0.31914045 10.607048 0.00073050282 0.019472342
0.31937166 10.616464 0.00073050961 0.019490749
0.31941422 10.616555 0.00073093153 0.019502397
0.31942003 10.617776 0.00073116707 0.019518914
0.31945029 10.669737 0.00073239516 0.019522359
0.31959303 10.67932 0.00073270409 0.019525449
0.31999838 10.699361 0.0007330499 0.019542206
0.32003331 10.702087 0.00073401016 0.019604028
0.32049871 10.712678 0.00073464984 0.019609759
0.32050704 10.712792 0.0007351973 0.019627651
0.32057686 10.717847 0.00073551631 0.01964926
0.32073817 10.749252 0.00073674173 0.01975241
0.3207612 10.791425 0.00073717243 0.019822113
0.32134434 10.812639 0.00073735814 0.019858258
0.32191494 10.855184 0.00073751876 0.019883279
0.32197198 10.87751 0.00073754233 0.019941637
0.32202998 10.902918 0.00073870985 0.01998784
0.32207245 10.916955 0.00073880085 0.020005868
0.32224751 10.954982 0.0007391098 0.020030632
0.32268549 10.980597 0.00073933131 0.020069634
0.32299955 10.980828 0.00073959873 0.020086672
0.32316963 10.982868 0.00073997536 0.020094492
0.32395348 10.996532 0.00074005742 0.020099018
0.32404601 11.008642 0.00074093859 0.020197848
0.32430067 11.035275 0.00074120409 0.020290437
0.32507469 11.064657 0.00074172696 0.020302891
0.32551821 11.071516 0.00074297282 0.020314903
0.32566871 11.074478 0.000743327 0.020338608
0.32627589 11.094151 0.00074335835 0.020377159
0.32637371 11.141466 0.00074516444 0.020395826
0.32650196 11.160673 0.00074557274 0.020410344
0.32725306 11.214109 0.00074586602 0.020454518
0.32728781 11.235445 0.00074610156 0.020455605
0.32732266 11.241003 0.0007472314 0.020503743
0.32742666 11.24375 0.00074734659 0.02054946
0.32750868 11.248895 0.00074848513 0.020550695
0.32822194 11.267645 0.00074888646 0.0205586
0.32830924 11.309214 0.00074896491 0.020568983
0.32830999 11.311952 0.00074973315 0.02057311
0.32850428 11.338485 0.0007498085 0.020574489
0.3288132 11.344176 0.00075025873 0.020579815
0.3291267 11.361093 0.00075106918 0.020596375
0.32920811 11.363579 0.0007511622 0.020597918
0.32962336 11.429104 0.00075144412 0.020602824
0.33002147 11.447413 0.00075158651 0.020657719
0.3302274 11.448452 0.00075201648 0.020665138
0.33041789 11.455738 0.0007525593 0.020687502
0.33066366 11.461329 0.00075269784 0.020700475
0.33146164 11.489612 0.00075334673 0.020757682
0.33234279 11.496516 0.00075343846 0.020769784
0.33259687 11.502058 0.00075344841 0.020807088
0.33272494 11.508076 0.00075386531 0.020869006
0.33273325 11.510402 0.00075437191 0.020880279
0.33297173 11.512739 0.00075437993 0.020895926
0.33353672 11.512771 0.00075530965 0.021008229
0.33373095 11.519864 0.00075549457 0.021065515
0.33385938 11.524043 0.00075631792 0.021067758
0.33419124 11.541262 0.00075663198 0.021105726
0.33448119 11.578509 0.00075694873 0.02112691
0.33479706 11.590565 0.00075750993 0.021143029
0.33493709 11.593814 0.00075792396 0.021233539
0.33511207 11.614379 0.00075797565 0.021241773
0.33518486 11.624382 0.0007580006 0.021257555
0.33522786 11.647714 0.0007580333 0.021264724
0.33537515 11.654414 0.00075878996 0.021267611
0.33596505 11.655182 0.00075905074 0.021304654
0.33656598 11.682319 0.00075910919 0.021305665
0.33669932 11.704093 0.00075923995 0.021307537
0.33672617 11.763785 0.00076006712 0.021321738
0.33676177 11.789425 0.00076016516 0.021364256
0.33759033 11.798406 0.00076062732 0.021366902
0.3376071 11.814559 0.00076155455 0.021371555
0.33765938 11.843599 0.00076192323 0.021409005
0.33792339 11.848496 0.00076194304 0.021456868
0.33812401 11.859498 0.00076194709 0.021462907
0.33831299 11.859657 0.0007634676 0.021465897
0.33846002 11.87753 0.00076395387 0.021475138
0.33850583 11.878313 0.00076518916 0.021557242
0.33860777 11.881252 0.00076551461 0.021607351
0.33932928 11.883493 0.00076594342 0.021608043
0.34006613 11.937738 0.00076626687 0.021717346
0.34036429 11.946874 0.00076658416 0.02171741
0.34072041 11.972726 0.00076674673 0.021743024
0.34076018 11.973305 0.00076712367 0.02176156
0.3408641 11.978961 0.00076751658 0.021769297
0.34092983 11.99001 0.00076812038 0.021782739
0.3409435 12.025183 0.00076816313 0.021821167
0.34094909 12.032285 0.00076933917 0.021823993
0.34130282 12.038913 0.00077000697 0.021827125
0.34156089 12.039052 0.00077021945 0.021846409
0.34202299 12.051576 0.00077025151 0.021888292
0.34202596 12.061683 0.00077030147 0.021911541
0.34207743 12.06238 0.00077129118 0.021955061
0.34228734 12.069965 0.0007713807 0.021975483
0.34229394 12.072985 0.00077214284 0.021984577
0.34289106 12.080632 0.00077248832 0.022030166
0.34292337 12.085661 0.00077302207 0.022065424
0.3432113 12.094928 0.00077316451 0.02208779
0.34336255 12.134011 0.00077380102 0.022093216
0.34336712 12.140905 0.00077410757 0.022126959
0.34337284 12.168935 0.00077452931 0.022144054
0.34352293 12.173182 0.00077488167 0.022190656
0.34379476 12.178486 0.00077500348 0.022195393
0.34429521 12.200565 0.00077553693 0.022229161
0.34460016 12.201556 0.00077576772 0.022240367
0.34488288 12.204696 0.00077585031 0.02226159
0.34490618 12.211765 0.00077598185 0.02226928
0.34555309 12.247612 0.00077602577 0.022324533
0.34573303 12.254585 0.0007763087 0.022349048
0.34580794 12.257588 0.00077641332 0.022352713
0.34621624 12.25892 0.00077659694 0.02239095
0.34663909 12.275138 0.00077689154 0.022407424
0.34698077 12.301898 0.00077777311 0.022428639
0.34725529 12.310889 0.00077803149 0.022439445
0.34740118 12.314339 0.00077818724 0.022481443
0.34741845 12.32425 0.00077861369 0.02250685
0.34744528 12.326593 0.00077878936 0.022511781
0.34754441 12.334996 0.00077911323 0.022514791
0.34807031 12.339764 0.00077926984 0.022542382
0.34822167 12.362003 0.00077961028 0.022574923
0.34824875 12.377669 0.00078101965 0.02258968
0.34868959 12.382379 0.00078195337 0.022609142
0.34880171 12.410536 0.00078196717 0.022628225
0.34894065 12.413104 0.00078288637 0.022646946
0.3490973 12.413903 0.00078319771 0.022647861
0.34953676 12.414402 0.00078467913 0.022668657
0.34995285 12.414998 0.00078579082 0.022673441
0.3499844 12.433354 0.00078614459 0.022686575
0.35011604 12.457698 0.00078622265 0.022724256
0.3501259 12.490167 0.00078623434 0.022724343
0.35035586 12.492892 0.00078645847 0.022773517
0.35043222 12.503269 0.00078648434 0.022798822
0.35064925 12.542489 0.00078948159 0.022815038
0.35086609 12.543126 0.00078961876 0.02281599
0.35115497 12.557322 0.00079115153 0.02282466
0.35177619 12.59785 0.00079119922 0.02283564
0.35183816 12.607865 0.000791234 0.022885693
0.35186096 12.62166 0.00079145955 0.022895407
0.35203139 12.644386 0.0007916843 0.022940903
0.3521911 12.699429 0.00079175154 0.022958375
0.353219 12.724741 0.00079202302 0.02296031
0.35337999 12.737148 0.00079323617 0.022989395
0.35366162 12.741119 0.0007934185 0.023020454
0.35375217 12.790976 0.00079368925 0.023039264
0.35391498 12.797009 0.00079434961 0.023044395
0.35395549 12.806474 0.00079536852 0.023072126
0.35419598 12.875823 0.00079590162 0.023083291
0.35422496 12.878765 0.00079604964 0.023115222
0.35440186 12.880252 0.00079609224 0.023136134
0.35484214 12.881678 0.00079629994 0.023171626
0.35485165 12.883244 0.00079665233 0.023171837
0.3551125 12.89582 0.00079679408 0.02327225
0.35525135 12.897464 0.00079698255 0.023298571
0.35561403 12.924923 0.00079753311 0.023320748
0.35574104 12.937914 0.0007977607 0.023367431
0.35585097 12.939936 0.00079844506 0.023383691
0.35612065 12.9525 0.00079894046 0.023427509
0.3563067 12.988737 0.00079904364 0.023428622
0.35660214 13.00425 0.00079925561 0.023438694
0.35680953 13.008545 0.00080036495 0.023512415
0.3568951 13.024358 0.00080072891 0.023577912
0.35692926 13.029455 0.00080090453 0.023680147
0.3570027 13.057583 0.00080092417 0.0236816
0.3572019 13.067149 0.00080123758 0.02371492
0.35741013 13.078894 0.00080135253 0.023740852
0.3575413 13.123453 0.00080232185 0.02379916
0.35777894 13.126428 0.00080235629 0.023809402
0.3578391 13.131226 0.00080269715 0.023823738
0.3578397 13.15364 0.00080313034 0.023843908
0.35787247 13.165686 0.00080420608 0.023865202
0.35799202 13.173458 0.00080471493 0.023879212
0.35832661 13.180749 0.00080502737 0.023907775
0.35835911 13.205617 0.0008050919 0.023929754
0.35851225 13.21951 0.00080521815 0.023958105
0.35871802 13.228538 0.00080526169 0.023992065
0.35878249 13.230429 0.00080576975 0.024061998
0.35956121 13.268459 0.0008058427 0.024082594
0.35964043 13.296453 0.00080779987 0.024082944
0.36006518 13.298333 0.00080864521 0.024097237
0.36009537 13.298589 0.00080929777 0.024100173
0.36024639 13.304391 0.00080930318 0.024100849
0.36025039 13.306266 0.00080960714 0.024224824
0.3603648 13.328922 0.00081175637 0.024260247
0.36052302 13.458076 0.00081319766 0.02428376
0.36054251 13.49535 0.00081367924 0.0242895
0.3611209 13.501463 0.00081485866 0.024299726
0.36112823 13.571685 0.00081543995 0.024300398
0.36124165 13.590349 0.00081556456 0.02432619
0.36133031 13.602553 0.00081628383 0.024347139
0.36145965 13.624148 0.00081674004 0.024368312
0.3616473 13.624488 0.00081679844 0.024434446
0.36168243 13.626627 0.00081763492 0.024436022
0.36169886 13.629218 0.00081770236 0.024445666
0.36171806 13.630685 0.00081787857 0.024482572
0.36194633 13.635346 0.00081804993 0.024494681
0.36204313 13.640616 0.00081821788 0.024527409
0.36226841 13.647583 0.00081849569 0.024528403
0.36285153 13.649034 0.00081850995 0.024542883
0.36285508 13.664951 0.00081858646 0.024576367
0.36313825 13.672163 0.00081869769 0.024630199
0.36333333 13.703198 0.00081871425 0.024642465
0.36341813 13.726656 0.00081876306 0.02465044
0.36363823 13.75298 0.00081946955 0.024652517
0.36368471 13.769399 0.00082135503 0.024765388
0.36379425 13.77324 0.00082186629 0.024779852
0.36434154 13.799606 0.00082311336 0.024891236
0.36434955 13.852582 0.00082355669 0.024908316
0.36442235 13.85419 0.00082547711 0.024986078
0.36460196 13.944926 0.00082564678 0.024997894
0.36471329 13.958315 0.00082740196 0.025058294
0.36471476 13.993061 0.00082842637 0.025161845
0.36487878 14.00118 0.00082855141 0.025189415
0.36511431 14.018679 0.00083013438 0.025214305
0.36554049 14.043663 0.0008305396 0.02523381
0.36554543 14.081489 0.00083056836 0.025301657
0.36562846 14.100327 0.00083088935 0.025314724
0.36570772 14.108998 0.00083100724 0.025319129
0.36574372 14.194536 0.00083129442 0.025337353
0.36611186 14.199817 0.00083139346 0.025338263
0.36617108 14.209625 0.00083152088 0.025349526
0.36622768 14.22337 0.00083168066 0.025374741
0.36657262 14.246079 0.00083349871 0.025390932
0.36659411 14.257193 0.00083488781 0.025400309
0.36664182 14.261377 0.00083599638 0.025434878
0.36752996 14.2806 0.00083611306 0.025443091
0.36758434 14.281621 0.00083611349 0.025446015
0.36762574 14.327511 0.00083634622 0.025450581
0.36797025 14.337433 0.00083773415 0.025463613
0.36807142 14.355197 0.00083939337 0.025491139
0.36835815 14.355568 0.00083950509 0.025562912
0.36898464 14.377374 0.00083952677 0.025565468
0.36940314 14.415842 0.00083961232 0.025617906
0.37081164 14.41726 0.00083965797 0.025765914
0.37123945 14.42453 0.00083996899 0.025784027
0.37126432 14.42938 0.00084054567 0.025819404
0.37146498 14.443364 0.00084070268 0.025848291
0.37147162 14.453651 0.00084140439 0.025871379
0.37147721 14.467588 0.00084147766 0.025889191
0.37161243 14.468777 0.00084198262 0.025944794
0.37173008 14.480847 0.00084300214 0.025999712
0.37187069 14.492446 0.00084363357 0.02603675
0.37216274 14.493484 0.00084600724 0.026073977
0.37218815 14.506566 0.00084601656 0.026076641
0.37229595 14.613673 0.000846247 0.026094364
0.37236007 14.628336 0.00084679009 0.026165989
0.37240232 14.636256 0.00084716766 0.026186828
0.37258926 14.666362 0.00084798124 0.026232212
0.37259079 14.670011 0.00084825727 0.026303893
0.37279382 14.672903 0.00084834563 0.026308576
0.37301853 14.710496 0.00084842817 0.026352578
0.37306912 14.715091 0.00084865095 0.026375872
0.37336017 14.732805 0.00084895418 0.026406076
0.37347101 14.7464 0.00084900225 0.026432136
0.37407155 14.764658 0.0008491307 0.026442337
0.37440083 14.803263 0.0008496045 0.026490154
0.37471569 14.809463 0.00084963718 0.026552571
0.37507452 14.824853 0.00085029926 0.026565041
0.375189 14.82689 0.00085042188 0.026599319
0.37567244 14.853653 0.00085094479 0.026616381
0.37610071 14.866439 0.00085260345 0.026669556
0.37641353 14.887885 0.00085316182 0.02667133
0.37774989 14.89114 0.00085393667 0.02668401
0.37787375 14.893334 0.00085399539 0.02669251
0.37789708 14.904675 0.00085454759 0.026703864
0.37791293 14.908762 0.00085455288 0.026718866
0.37817681 14.929963 0.00085493862 0.026745892
0.37825901 14.952181 0.00085535327 0.026775641
0.37826453 14.964006 0.00085666088 0.026803182
0.37835283 14.966284 0.00085674478 0.026822866
0.37859345 14.969199 0.0008567989 0.026826396
0.37880055 14.979211 0.00085735612 0.02683076
0.37915836 15.005478 0.00085748876 0.026851464
0.37932175 15.027588 0.00085969664 0.026875899
0.37938474 15.029361 0.00085986376 0.026884954
0.38008449 15.029413 0.00086040435 0.02691745
0.38025139 15.033088 0.0008606773 0.026957863
0.38031064 15.034408 0.00086107345 0.027055725
0.38035105 15.035893 0.00086109549 0.027083671
0.38046922 15.040224 0.00086119678 0.027107024
0.38066545 15.071162 0.00086122089 0.027128243
0.3807808 15.102695 0.00086135193 0.02717335
0.38131324 15.137635 0.00086213133 0.027233693
0.38142194 15.1483 0.00086243201 0.027234857
0.38144411 15.166948 0.00086269185 0.027279204
0.38148267 15.185432 0.00086309714 0.027305099
0.38152149 15.185781 0.00086438284 0.027342261
0.38164182 15.218684 0.0008644422 0.027371288
0.38207658 15.232442 0.00086448417 0.027392321
0.38217394 15.238896 0.00086451608 0.027411975
0.38230586 15.257229 0.00086520259 0.027420639
0.38238028 15.313159 0.00086701397 0.027435269
0.38267123 15.329415 0.00086865876 0.027500466
0.38300714 15.348187 0.00086893613 0.027502459
0.38311633 15.3963 0.00086942328 0.027519122
0.38316419 15.414961 0.00087044151 0.027529459
0.38316667 15.44802 0.00087117844 0.027553859
0.38323704 15.448927 0.00087238073 0.027574931
0.38340474 15.459545 0.00087314403 0.027588634
0.38365843 15.465374 0.00087356555 0.027601821
0.38374069 15.475417 0.00087389306 0.027615091
0.38386922 15.484053 0.00087430628 0.027619273
0.38393299 15.488427 0.00087480921 0.027692024
0.38470265 15.518629 0.00087483064 0.027700073
0.38473701 15.520824 0.00087508442 0.027728324
0.38484134 15.533255 0.00087535499 0.027746467
0.38484674 15.542992 0.00087709084 0.027758156
0.38501533 15.579113 0.00087726364 0.027781562
0.38505986 15.609587 0.00087901165 0.027793982
0.38508231 15.624041 0.00087950659 0.02780991
0.38527918 15.687235 0.000879709 0.027829262
0.3853187 15.69295 0.00088039936 0.027872729
0.3857013 15.697637 0.00088042233 0.027875571
0.38573006 15.7007 0.00088043218 0.027893128
0.38580795 15.701467 0.00088073289 0.02794201
0.38585661 15.70148 0.00088074008 0.027956122
0.38618827 15.738536 0.00088120914 0.027959844
0.38628883 15.763689 0.00088141111 0.028038614
0.38645088 15.78724 0.0008820911 0.028073831
0.38705846 15.870354 0.0008832591 0.028077166
0.38721741 15.872889 0.00088588393 0.028123131
0.38746593 15.88572 0.00088711829 0.028133133
0.38798311 15.906783 0.00088922319 0.028134018
0.3880344 15.931254 0.00088970113 0.028202729
0.38813219 15.937009 0.00088970221 0.028212188
0.38849716 15.947462 0.00089057381 0.028306105
0.38860244 16.008478 0.00089164646 0.02835274
0.38894173 16.087851 0.0008919213 0.028368039
0.38896967 16.107771 0.00089268781 0.028373461
0.38899534 16.116553 0.00089309345 0.028391906
0.38903841 16.126902 0.00089319907 0.028392708
0.38927695 16.134802 0.00089353587 0.028472314
0.38948032 16.140264 0.00089370858 0.028494417
0.38977754 16.165838 0.0008942314 0.028616583
0.38979361 16.178563 0.00089779615 0.028617585
0.39020197 16.206797 0.00089783537 0.028771088
0.39025406 16.2127 0.00089949851 0.028844702
0.39041241 16.232354 0.0009007717 0.02885404
0.39051427 16.236301 0.00090087575 0.028856796
0.3905539 16.238101 0.00090093029 0.028894477
0.39108738 16.247858 0.00090100321 0.028946425
0.39110846 16.270193 0.00090391593 0.029089875
0.39121012 16.270353 0.00090396439 0.029104239
0.39134747 16.317607 0.00090424197 0.029114228
0.39148953 16.328063 0.00090453213 0.029134559
0.39207116 16.334181 0.00090465416 0.02915163
0.39259402 16.336319 0.00090598647 0.029179476
0.39260936 16.338282 0.00090621365 0.029243726
0.39284011 16.369218 0.00090796667 0.029352968
0.39328462 16.379426 0.00090802213 0.029378528
0.39344258 16.407055 0.00090868776 0.029395117
0.39353476 16.412722 0.00091066037 0.029414932
0.39393708 16.438393 0.00091207424 0.029424069
0.39399506 16.466898 0.00091400028 0.029493175
0.39499394 16.471137 0.00091407784 0.029551329
0.39542513 16.476412 0.00091424362 0.029559917
0.39567907 16.482304 0.00091471053 0.029688848
0.39580857 16.506471 0.0009157657 0.029762698
0.3958687 16.534944 0.00091595185 0.029838252
0.39635863 16.553969 0.00091622501 0.029839989
0.39699464 16.579131 0.00091699093 0.029849179
0.39715369 16.631825 0.0009175145 0.029890728
0.39788125 16.637637 0.00091969169 0.029905031
0.39864284 16.652146 0.00091991028 0.029958694
0.39926413 16.663373 0.00092015118 0.029994239
0.39967936 16.671461 0.0009211505 0.030003892
0.4002364 16.680303 0.00092266488 0.030077727
0.40048102 16.70241 0.00092278096 0.03011268
0.40060219 16.806126 0.00092281704 0.030193085
0.40095332 16.811851 0.00092296574 0.030202802
0.40116719 16.814734 0.00092379757 0.030207994
0.40119472 16.844368 0.00092432392 0.030236138
0.40171972 16.84545 0.00092454111 0.030241489
0.40186398 16.846849 0.00092479495 0.030258369
0.4019154 16.860449 0.00092482684 0.030277849
0.40319334 16.89935 0.00092491174 0.030302929
0.40323732 16.973677 0.00092492202 0.030319653
0.40349052 16.993065 0.00092600876 0.030405143
0.40484172 17.000635 0.00092628428 0.030413565
0.40667586 17.036915 0.00092641474 0.030427283
0.40693586 17.048636 0.00092652528 0.030474921
0.40715196 17.078328 0.0009277118 0.030594321
0.40794087 17.093987 0.00092813115 0.030645484
0.40796636 17.095064 0.00092833266 0.030647041
0.40803702 17.105549 0.00092870425 0.030769825
0.40971831 17.123691 0.00092906728 0.030771008
0.41000984 17.148784 0.00093017889 0.030771324
0.41033234 17.182615 0.00093108374 0.030787032
0.41039148 17.184279 0.00093133072 0.03083023
0.41188763 17.198312 0.00093133535 0.030870902
0.41211451 17.21343 0.00093169446 0.030894138
0.41225928 17.277032 0.00093250921 0.030906153
0.41226824 17.302886 0.00093286598 0.030906487
0.41327019 17.346633 0.00093441243 0.030965884
0.41435381 17.379919 0.00093448856 0.030974213
0.41460057 17.398899 0.0009349515 0.030989297
0.41473909 17.405971 0.00093520033 0.031003527
0.41571299 17.417925 0.00093623131 0.031035398
0.41585196 17.420006 0.00093678095 0.031041044
0.41602076 17.451145 0.00093681161 0.031193066
0.41626293 17.485932 0.00093704251 0.031230594
0.41689344 17.539356 0.00093727582 0.031244026
0.41716589 17.583823 0.00093747452 0.031282793
0.4179546 17.625544 0.00093793586 0.03136965
0.41809789 17.630723 0.00093872306 0.031384784
0.41824309 17.658131 0.00093996216 0.031406463
0.41866842 17.66061 0.0009407811 0.031425922
0.41955326 17.677018 0.00094123371 0.031441691
0.42046995 17.710553 0.0009412938 0.031490673
0.42062852 17.767154 0.00094168048 0.031512492
0.42079768 17.8171 0.00094232951 0.031535706
0.42118129 17.905925 0.00094259823 0.031537593
0.42122619 17.929619 0.00094268628 0.031540618
0.42148563 17.950977 0.00094291416 0.031546136
0.42233497 17.952457 0.00094321183 0.031600551
0.4246167 17.983519 0.00094335919 0.031617413
0.424863 17.984828 0.00094569251 0.031659986
0.42513147 17.985219 0.00094635176 0.031665082
0.42649761 17.989819 0.00094670907 0.031671472
0.42709601 18.087527 0.00094697645 0.031672764
0.4273551 18.089905 0.00094718092 0.031731115
0.42753937 18.104668 0.00094793566 0.031820314
0.42772819 18.118949 0.00094813335 0.031968694
0.42811919 18.140152 0.00094849719 0.032048636
0.4281469 18.189318 0.00094916996 0.032087466
0.42837715 18.198744 0.0009497152 0.032102407
0.42955403 18.20863 0.00095024719 0.032130629
0.43015771 18.214526 0.00095045697 0.032189302
0.43036714 18.262202 0.00095284464 0.032193187
0.43044903 18.310911 0.0009529428 0.032253933
0.43119932 18.324531 0.0009535743 0.032272007
0.43148458 18.339117 0.00095360205 0.032278886
0.43270875 18.345715 0.00095424491 0.032359058
0.43288163 18.364131 0.00095822391 0.032363864
0.43304351 18.381763 0.00095936239 0.032381424
0.43314732 18.401339 0.00095985565 0.032393807
0.43329913 18.424934 0.00095989193 0.032443574
0.43350639 18.430643 0.00096031808 0.032478916
0.43451729 18.482804 0.00096144731 0.032522405
0.43478321 18.502535 0.00096293117 0.032535187
0.43544554 18.515013 0.00096393167 0.032554695
0.43728544 18.570796 0.00096536324 0.032568518
0.43741697 18.602707 0.00096585703 0.032584524
0.43833179 18.613722 0.0009660182 0.032638985
0.43887002 18.640464 0.00096698078 0.032778213
0.4389469 18.674166 0.0009671902 0.032779323
0.43895037 18.703712 0.00096918446 0.03294338
0.43917544 18.713855 0.00096949983 0.032947785
0.43955272 18.727565 0.00097074193 0.032997486
0.44036054 18.746088 0.00097078309 0.032997636
0.4408759 18.778809 0.00097173141 0.033069279
0.44152764 18.79429 0.00097299673 0.033103644
0.44194805 18.79474 0.00097440792 0.033127458
0.442017 18.810314 0.00097461814 0.033179264
0.44219388 18.827411 0.00097463101 0.033184194
0.44249371 18.841949 0.00097575486 0.033254688
0.44273834 18.842271 0.00097601611 0.033303722
0.44299603 18.848254 0.00097921568 0.03332402
0.44390193 18.863659 0.00098016249 0.033365372
0.44496477 18.868563 0.0009810841 0.033423689
0.44589075 18.888551 0.00098115347 0.033470772
0.44607779 18.918839 0.00098196879 0.03349571
0.44614252 18.950499 0.00098231196 0.033509524
0.44683258 19.020296 0.00098264318 0.033524559
0.44758035 19.031586 0.00098343712 0.033569213
0.44760587 19.05386 0.0009835198 0.033615085
0.44867228 19.067422 0.00098685397 0.033644129
0.44911238 19.081553 0.00098689554 0.033674327
0.44990259 19.092083 0.00098691887 0.033732177
0.44996923 19.130586 0.00098694179 0.033791166
0.45054023 19.147733 0.00098722669 0.033795541
0.45057128 19.163498 0.00098803041 0.033842723
0.45070942 19.164312 0.00099042685 0.033877087
0.45079499 19.180117 0.00099113525 0.033887964
0.45102867 19.232565 0.00099366395 0.033975349
0.45111248 19.298111 0.00099389002 0.034011465
0.45202637 19.299961 0.00099416204 0.034241317
0.45352719 19.302485 0.0009950219 0.03425353
0.45424134 19.303155 0.00099624029 0.034277328
0.45451033 19.319709 0.00099771936 0.034344847
0.45477821 19.320069 0.00099797356 0.034544018
0.45554241 19.342299 0.00099944931 0.03455525
0.45631102 19.368737 0.0010015228 0.034588703
0.45745917 19.388507 0.0010016224 0.034603452
0.45761388 19.39298 0.0010027615 0.03464337
0.45867685 19.405337 0.0010038351 0.03471386
0.45919248 19.41706 0.0010050675 0.034730429
0.45980435 19.435195 0.0010053994 0.034778873
0.46009542 19.448939 0.0010054536 0.034801484
0.46055833 19.466121 0.001005689 0.034823205
0.46103252 19.488399 0.0010060379 0.034870459
0.46161122 19.507244 0.0010088192 0.034905605
0.46422743 19.611522 0.0010105564 0.0349665
0.46582898 19.611812 0.0010106104 0.035023389
0.46589405 19.640912 0.0010111786 0.03504894
0.4663197 19.838269 0.0010117769 0.035070128
0.46732593 19.898496 0.0010126451 0.035088898
0.4677348 19.933813 0.0010136259 0.03513709
0.46874921 19.958139 0.0010137699 0.035149934
0.4703362 20.031253 0.0010150211 0.03517169
0.47236312 20.107721 0.001017281 0.035191292
0.47317221 20.126535 0.0010187004 0.035257624
0.47579955 20.187947 0.0010189037 0.035328486
0.47587382 20.193307 0.0010196056 0.035376558
0.47688655 20.213665 0.0010204605 0.035402796
0.47702005 20.346744 0.0010213326 0.035426687
0.47732688 20.379492 0.0010213395 0.035474233
0.47766912 20.393886 0.0010219221 0.035701772
0.47830752 20.400131 0.001022104 0.035731568
0.47850923 20.410942 0.0010236597 0.035740804
0.47859845 20.415039 0.0010245906 0.035796858
0.47992116 20.455496 0.0010281175 0.035958997
0.4799272 20.463734 0.0010282217 0.03596591
0.48016674 20.472154 0.0010290157 0.036081843
0.48053648 20.482196 0.0010297516 0.036141184
0.4805529 20.533061 0.0010298882 0.036233791
0.48111594 20.536547 0.0010319047 0.036273344
0.48117887 20.550744 0.0010344528 0.036275582
0.48140919 20.591656 0.001034468 0.036300387
0.48199826 20.59198 0.0010348614 0.036371864
0.48227605 20.617642 0.0010351064 0.036471589
0.48247882 20.629755 0.0010362605 0.036550422
0.48283927 20.683077 0.0010373523 0.036621215
0.48517281 20.731681 0.0010375697 0.036628656
0.48520889 20.741545 0.0010383692 0.036774698
0.48622414 20.826025 0.0010395728 0.036799322
0.48706961 20.840172 0.0010405396 0.036957902
0.48732015 20.907363 0.001045283 0.037020734
0.48812289 20.946025 0.0010453405 0.037084655
0.48835373 20.996302 0.0010456971 0.037101051
0.48990598 20.999707 0.0010482159 0.037162224
0.49044288 21.104323 0.0010495015 0.03716681
0.49100781 21.126727 0.0010519079 0.037221803
0.49103831 21.210142 0.0010519751 0.037292789
0.49340126 21.240013 0.0010523375 0.037317296
0.49375951 21.279147 0.0010536639 0.037417636
0.49400065 21.382173 0.0010538761 0.037491841
0.49630023 21.413944 0.0010569629 0.037562888
0.49676592 21.425463 0.0010604481 0.037640719
0.49720426 21.448085 0.0010620084 0.037667685
0.49755217 21.476331 0.0010621869 0.037769539
0.49826737 21.555798 0.0010637242 0.037805992
0.49904035 21.600839 0.0010661979 0.037871005
0.50035477 21.608956 0.0010677254 0.037913203
0.50087415 21.735852 0.0010677886 0.037931597
0.50122535 21.736045 0.0010688068 0.037967127
0.50193185 21.749772 0.0010693266 0.038064172
0.50230121 21.770359 0.001069504 0.038064977
0.50331176 21.778567 0.0010703162 0.038104307
0.50458825 21.835371 0.0010740115 0.038218272
0.50463557 21.851516 0.0010752153 0.038403695
0.505318 21.917544 0.0010756126 0.038463359
0.5062214 21.965223 0.0010757027 0.038530765
0.5062614 22.021752 0.0010791775 0.038664012
0.50645395 22.051788 0.0010801149 0.038761746
0.50699953 22.126797 0.0010808565 0.038773138
0.50834944 22.144208 0.0010823449 0.038816867
0.5095147 22.166331 0.0010830294 0.038897308
0.51136876 22.194364 0.0010835265 0.03889844
0.51196358 22.207499 0.0010835957 0.038919535
0.51279111 22.223207 0.0010839742 0.039109863
0.51286303 22.230874 0.0010845414 0.039169534
0.5131196 22.286689 0.0010860529 0.039375599
0.51332495 22.341041 0.0010867646 0.039387587
0.51376262 22.423407 0.0010877828 0.039524292
0.51386462 22.427469 0.0010894324 0.039532816
0.51415549 22.503422 0.001090413 0.039562855
0.51468045 22.520682 0.0010906829 0.03966816
0.51630103 22.538065 0.0010926709 0.039857673
0.51825845 22.638463 0.0010950538 0.039918202
0.5184634 22.658379 0.0010957576 0.040171764
0.51852311 22.825147 0.0010959634 0.040278515
0.51882354 22.864718 0.0011010605 0.040484318
0.51886327 23.003284 0.001101277 0.040587289
0.51903315 23.113752 0.0011013495 0.040595615
0.51927108 23.168478 0.0011033504 0.040766086
0.52038873 23.180131 0.0011036095 0.040824881
0.5211012 23.183279 0.0011056527 0.040839154
0.52180546 23.319083 0.0011068828 0.040925684
0.52269699 23.348693 0.0011094563 0.040974415
0.52308236 23.38138 0.0011103034 0.040985972
0.52334981 23.402622 0.001111982 0.041032152
0.52377917 23.442092 0.001114939 0.041038676
0.52410251 23.470957 0.0011159601 0.041082126
0.52414593 23.665151 0.001116894 0.041084464
0.52415221 23.68881 0.0011169711 0.041108437
0.52516158 23.758793 0.0011209467 0.04120153
0.52754653 23.847243 0.0011237649 0.041316752
0.52824836 23.869895 0.0011259995 0.04132497
0.52977751 23.901733 0.0011295164 0.041367396
0.52991492 23.912791 0.0011304446 0.041473662
0.53023242 24.054471 0.0011309461 0.041522727
0.53026623 24.111849 0.0011349944 0.041656464
0.53037401 24.135144 0.0011377527 0.041698972
0.53075034 24.177058 0.0011382061 0.042058896
0.53253226 24.410108 0.0011386573 0.042247878
0.53365086 24.478769 0.0011401058 0.042368772
0.53460947 24.559385 0.0011493958 0.042576642
0.53461968 24.597176 0.0011524388 0.042639121
0.53474726 24.744016 0.001152483 0.042781968
0.53618408 25.049405 0.0011525212 0.043000176
0.53641023 25.130735 0.001156334 0.043353926
0.53802663 25.205095 0.0011587173 0.043411733
0.53986285 25.244266 0.0011601487 0.04357943
0.54007344 25.426078 0.0011602183 0.043928195
0.54073997 25.430065 0.0011606968 0.044033688
0.5455632 25.520689 0.0011608662 0.044053476
0.54621923 25.535161 0.0011627228 0.044082989
0.54677689 25.545112 0.0011642528 0.044434146
0.54694094 25.742457 0.0011650987 0.04446885
0.54732157 25.89658 0.0011654623 0.044643714
0.54747143 25.9881 0.0011667272 0.044646857
0.54828662 25.9957 0.0011680755 0.044662274
0.55048549 26.003354 0.0011690088 0.044787962
0.55053648 26.013973 0.0011690226 0.045240721
0.55076449 26.086166 0.0011701134 0.045623933
0.55177382 26.133232 0.001170555 0.045636604
0.55621638 26.194875 0.0011721945 0.04572419
0.55645706 26.221298 0.0011730166 0.04577201
0.55659693 26.257551 0.0011787189 0.04591907
0.55752019 26.313458 0.0011794405 0.045969637
0.55768937 26.366998 0.0011815598 0.046018325
0.55963759 26.493006 0.0011874239 0.046211738
0.55966132 26.498488 0.0011884158 0.046516086
0.56051987 26.666248 0.0011885257 0.046573541
0.56056298 26.745375 0.0011908834 0.046686149
0.56083861 26.751944 0.0011933986 0.046860961
0.56192599 26.917388 0.0011947536 0.0468664
0.5622063 26.953977 0.0011949685 0.046928608
0.56270848 26.992559 0.0011961766 0.047217795
0.56306889 27.005631 0.0011975451 0.047320632
0.56311867 27.049925 0.0011978129 0.047817056
0.56571358 27.06961 0.0012008615 0.047860841
0.56590042 27.123717 0.0012012341 0.048019234
0.56750077 27.325949 0.0012020808 0.048350236
0.56859374 27.614771 0.0012089642 0.048629691
0.56954525 27.634894 0.0012092798 0.048889851
0.56955455 27.684342 0.0012099106 0.04890037
0.57034375 27.709451 0.0012111743 0.049006942
0.57066219 28.066059 0.0012135172 0.04900772
0.57139075 28.125057 0.0012144668 0.049137423
0.57209002 28.234257 0.0012171659 0.049480094
0.57303929 28.504381 0.0012178652 0.049497601
0.57508466 28.633532 0.0012219401 0.049585422
0.57681498 28.718518 0.0012220733 0.050424871
0.57704989 28.869059 0.0012230277 0.050463406
0.57705966 28.884869 0.0012255023 0.05046498
0.57836809 28.983642 0.0012262245 0.050471938
0.57912284 29.053733 0.0012264218 0.050486579
0.58194053 29.061949 0.001226635 0.051041493
0.58218216 29.115781 0.0012275387 0.051187416
0.58299357 29.55351 0.0012376093 0.051407147
0.5832396 29.658305 0.0012439924 0.051485164
0.58502328 29.730519 0.0012477043 0.05149531
0.58863113 29.883882 0.0012494529 0.051633751
0.5908619 30.218531 0.0012520266 0.052091591
0.59099331 30.287653 0.0012521043 0.052282687
0.59248314 30.407501 0.0012557974 0.052582119
0.59671639 30.910162 0.0012587453 0.052604126
0.59864105 31.175403 0.0012621773 0.05332028
0.59867218 31.176481 0.0012771083 0.053385384
0.59971407 31.435855 0.0012782105 0.053642921
0.60006342 31.496407 0.0012798092 0.053712788
0.60192945 31.571397 0.0012823568 0.054163966
0.60293948 31.705907 0.0012868454 0.054276366
0.6033689 32.494904 0.0012915266 0.055142244
0.60651978 32.575044 0.0012936493 0.055397701
0.60674719 33.110047 0.0012973781 0.055531956
0.60674857 33.348898 0.0013077195 0.05606469
0.6075434 33.459703 0.0013104139 0.057332632
0.60862573 33.674235 0.0013116051 0.057603914
0.60998752 33.6799 0.0013208144 0.057890722
0.61051334 33.685188 0.0013297495 0.058006088
0.61295173 33.810821 0.0013328606 0.059033183
0.61509488 34.014575 0.0013329446 0.059076489
0.61555966 34.26686 0.0013420793 0.059416216
0.61729979 34.655371 0.0013457965 0.061522843
0.61937199 35.898748 0.001377786 0.062172877
0.62226481 36.027849 0.0013783927 0.062594339
0.62683849 36.253153 0.0013885155 0.062663784
0.62725642 36.254088 0.0014510264 0.064888696
0.62858376 36.353886 0.0023623147 0.066761189
0.62872127 38.34651 0.0027623282 0.067265633
0.63526857 40.340001 0.0029682978 0.071488229
0.63942594 45.257251 0.0038157066 0.088183036
